=~=~=~=~=~=~=~=~=~=~=~= PuTTY log 2024.05.06 20:33:23 =~=~=~=~=~=~=~=~=~=~=~=
0.99902344,-0.00024414,0.00323486,0.04473877,0
0.99731445,-0.00305176,0.00524902,0.07324219,0
0.99401855,-0.00976562,0.00543213,0.10858154,0
0.99060059,-0.00756836,0.00817871,0.13635254,0
0.98675537,-0.00811768,0.01062012,0.16168213,0
0.98333740,-0.01031494,0.01135254,0.18096924,0
0.97991943,-0.01434326,0.01013184,0.19879150,0
0.97906494,-0.01104736,0.01049805,0.20300293,0
0.98107910,-0.00567627,0.01269531,0.19323730,0
0.98382568,-0.00274658,0.01330566,0.17871094,0
0.98767090,0.00006104,0.01275635,0.15600586,0
0.99072266,0.00054932,0.01104736,0.13543701,0
0.99420166,0.00012207,0.00854492,0.10742188,0
0.99688721,0.00073242,0.00598145,0.07897949,0
0.99353027,-0.04656982,0.08752441,0.05517578,0
0.99505615,-0.04608154,0.08361816,0.02697754,0
0.99572754,-0.04418945,0.08093262,-0.00140381,0
0.99554443,-0.04077148,0.07965088,-0.02990723,0
0.99487305,-0.04034424,0.07806396,-0.05029297,0
0.99365234,-0.04132080,0.07434082,-0.07366943,0
0.99188232,-0.04205322,0.07379150,-0.09448242,0
0.99041748,-0.04534912,0.07336426,-0.10772705,0
0.98992920,-0.03955078,0.06921387,-0.11682129,0
0.99017334,-0.03240967,0.06457520,-0.11981201,0
0.99035645,-0.03076172,0.06359863,-0.11901855,0
0.99090576,-0.02899170,0.06457520,-0.11444092,0
0.99243164,-0.02392578,0.06390381,-0.10186768,0
0.99450684,-0.01184082,0.06311035,-0.08233643,0
0.99591064,-0.01147461,0.06488037,-0.06201172,0
0.99725342,-0.01171875,0.06579590,-0.03253174,0
0.99761963,-0.00598145,0.06909180,0.00079346,0
0.99700928,-0.00543213,0.07031250,0.03088379,0
0.99493408,-0.00463867,0.07177734,0.06994629,0
0.99151611,-0.00360107,0.07214355,0.10797119,0
0.98693848,-0.00195312,0.07171631,0.14404297,0
0.98278809,-0.00042725,0.07238770,0.16998291,0
0.97698975,-0.00024414,0.07202148,0.20086670,0
0.97100830,-0.01007080,0.07080078,0.22821045,0
0.96588135,-0.01275635,0.06970215,0.24896240,0
0.96020508,-0.01055908,0.06896973,0.27038574,0
0.95562744,-0.01068115,0.06835938,0.28631592,0
0.95318604,-0.01483154,0.06488037,0.29504395,0
0.95208740,-0.01306152,0.06451416,0.29864502,0
0.95233154,-0.02264404,0.05957031,0.29833984,0
0.95343018,-0.03033447,0.05590820,0.29479980,0
0.95605469,-0.03881836,0.05169678,0.28588867,0
0.96014404,-0.04583740,0.04742432,0.27172852,0
0.96429443,-0.04504395,0.04461670,0.25708008,0
0.97033691,-0.04382324,0.04156494,0.23394775,0
0.97692871,-0.04132080,0.03900146,0.20593262,0
0.98315430,-0.03894043,0.03771973,0.17462158,0
0.98779297,-0.03759766,0.03662109,0.14672852,0
0.99285889,-0.03643799,0.03430176,0.10839844,0
0.99676514,-0.03277588,0.03240967,0.06616211,0
0.99859619,-0.03112793,0.03070068,0.02899170,0
0.99908447,-0.02709961,0.02832031,-0.01873779,0
0.99725342,-0.02612305,0.02264404,-0.06524658,0
0.99334717,-0.02532959,0.01831055,-0.11083984,0
0.98883057,-0.02508545,0.01745605,-0.14605713,0
0.98144531,-0.02606201,0.01727295,-0.18933105,0
0.97265625,-0.02404785,0.01770020,-0.23040771,0
0.96496582,-0.02484131,0.01702881,-0.26068115,0
0.95452881,-0.02545166,0.01690674,-0.29656982,0
0.94525146,-0.02636719,0.01824951,-0.32482910,0
0.93200684,-0.02612305,0.01934814,-0.36096191,0
0.91845703,-0.02252197,0.02136230,-0.39428711,0
0.90496826,-0.02398682,0.02313232,-0.42413330,0
0.89477539,-0.02520752,0.02319336,-0.44519043,0
0.88220215,-0.02563477,0.02294922,-0.46960449,0
0.86840820,-0.02661133,0.01995850,-0.49475098,0
0.85278320,-0.02380371,0.01812744,-0.52142334,0
0.83947754,-0.02093506,0.01556396,-0.54278564,0
0.82244873,-0.01464844,0.01464844,-0.56848145,0
0.80541992,-0.01220703,0.01165771,-0.59246826,0
0.79345703,-0.00994873,0.01232910,-0.60845947,0
0.77856445,-0.00964355,0.01031494,-0.62744141,0
0.76293945,-0.00854492,0.01049805,-0.64636230,0
0.74987793,-0.00689697,0.00878906,-0.66143799,0
0.73431396,-0.00726318,0.00518799,-0.67877197,0
0.71917725,-0.00775146,0.00244141,-0.69482422,0
0.70587158,-0.00653076,0.00408936,-0.70831299,0
0.68927002,-0.00622559,0.00616455,-0.72442627,0
0.67266846,-0.00378418,0.01062012,-0.73986816,0
0.65600586,-0.00402832,0.01422119,-0.75463867,0
0.64251709,-0.00762939,0.01354980,-0.76611328,0
0.62554932,-0.00610352,0.01556396,-0.78002930,0
0.60919189,-0.00659180,0.01312256,-0.79284668,0
0.59606934,-0.00848389,0.01031494,-0.80279541,0
0.57879639,-0.00726318,0.01007080,-0.81536865,0
0.56329346,-0.00921631,0.00830078,-0.82617188,0
0.54785156,-0.01159668,0.00769043,-0.83648682,0
0.53533936,-0.01330566,0.00671387,-0.84448242,0
0.51788330,-0.01293945,0.00476074,-0.85534668,0
0.49963379,-0.00408936,0.00830078,-0.86621094,0
0.48352051,-0.00354004,0.00677490,-0.87530518,0
0.46105957,-0.00500488,0.00512695,-0.88732910,0
0.43414307,-0.00476074,0.00946045,-0.90081787,0
0.40899658,-0.00134277,0.01507568,-0.91241455,0
0.37969971,0.00006104,0.02148438,-0.92486572,0
0.35150146,-0.00122070,0.02563477,-0.93585205,0
0.32086182,-0.00140381,0.03399658,-0.94653320,0
0.29541016,0.00036621,0.03936768,-0.95452881,0
0.26281738,0.00439453,0.04626465,-0.96374512,0
0.23242188,0.00592041,0.05065918,-0.97131348,0
0.20837402,0.00549316,0.05194092,-0.97662354,0
0.17901611,0.00799561,0.04644775,-0.98272705,0
0.15209961,0.00885010,0.04077148,-0.98748779,0
0.12780762,0.00958252,0.03649902,-0.99108887,0
0.11206055,0.00744629,0.03295898,-0.99310303,0
0.09002686,0.00811768,0.02697754,-0.99554443,0
0.06787109,0.00842285,0.02227783,-0.99743652,0
0.04803467,0.00701904,0.02209473,-0.99859619,0
0.02276611,0.00061035,0.01605225,-0.99963379,0
-0.00610352,-0.00585938,0.00463867,-0.99993896,0
-0.03363037,-0.00836182,0.00122070,-0.99938965,0
-0.06872559,-0.00872803,-0.00219727,-0.99761963,0
-0.10363770,-0.00445557,-0.00250244,-0.99462891,0
-0.12872314,-0.00164795,-0.00408936,-0.99169922,0
-0.15368652,-0.00140381,-0.00421143,-0.98809814,0
-0.17761230,0.00115967,-0.00225830,-0.98406982,0
-0.20269775,0.00738525,0.00024414,-0.97918701,0
-0.22290039,0.01037598,0.00274658,-0.97479248,0
-0.24743652,0.02008057,-0.00122070,-0.96868896,0
-0.27252197,0.02142334,0.00109863,-0.96191406,0
-0.29943848,0.02551270,-0.00219727,-0.95379639,0
-0.32147217,0.03021240,-0.00415039,-0.94641113,0
-0.34375000,0.03503418,-0.00329590,-0.93841553,0
-0.35906982,0.04125977,-0.00177002,-0.93243408,0
-0.37567139,0.04840088,0.00177002,-0.92547607,0
-0.39331055,0.05072021,0.00384521,-0.91796875,0
-0.40954590,0.05023193,0.00323486,-0.91088867,0
-0.42907715,0.04638672,0.00195312,-0.90209961,0
-0.44757080,0.04333496,-0.00109863,-0.89318848,0
-0.46386719,0.04284668,-0.00103760,-0.88482666,0
-0.47509766,0.04418945,0.00018311,-0.87884521,0
-0.48980713,0.04724121,0.00354004,-0.87054443,0
-0.50604248,0.04986572,0.00701904,-0.86102295,0
-0.52288818,0.04650879,0.00616455,-0.85113525,0
-0.53540039,0.04394531,0.00653076,-0.84344482,0
-0.55145264,0.04046631,0.00549316,-0.83319092,0
-0.56713867,0.03765869,0.00262451,-0.82275391,0
-0.57916260,0.03692627,-0.00024414,-0.81439209,0
-0.58673096,0.03814697,0.00012207,-0.80889893,0
-0.59448242,0.04016113,0.00207520,-0.80310059,0
-0.60040283,0.04187012,0.00421143,-0.79858398,0
-0.60589600,0.04205322,0.00463867,-0.79437256,0
-0.60784912,0.04290771,0.00628662,-0.79284668,0
-0.60729980,0.04406738,0.00970459,-0.79315186,0
-0.60522461,0.04541016,0.01129150,-0.79467773,0
-0.60021973,0.04852295,0.01513672,-0.79821777,0
-0.59405518,0.04461670,0.01361084,-0.80310059,0
-0.58190918,0.03906250,0.01214600,-0.81225586,0
-0.56506348,0.03424072,0.01245117,-0.82421875,0
-0.54443359,0.03149414,0.01074219,-0.83813477,0
-0.52416992,0.03076172,0.00848389,-0.85101318,0
-0.49700928,0.03002930,0.00347900,-0.86724854,0
-0.46588135,0.02947998,-0.00048828,-0.88433838,0
-0.42932129,0.02789307,0.00109863,-0.90270996,0
-0.39855957,0.02514648,-0.00122070,-0.91680908,0
-0.35803223,0.02258301,-0.00195312,-0.93341064,0
-0.31884766,0.01965332,-0.00274658,-0.94757080,0
-0.28747559,0.01867676,-0.00335693,-0.95758057,0
-0.24487305,0.01519775,-0.00079346,-0.96942139,0
-0.19879150,0.00921631,0.00012207,-0.97998047,0
-0.15948486,0.00500488,0.00195312,-0.98718262,0
-0.10980225,0.00036621,0.00634766,-0.99395752,0
-0.06030273,-0.00274658,0.00561523,-0.99816895,0
-0.01861572,-0.00518799,0.00714111,-0.99981689,0
0.03637695,-0.00726318,0.01037598,-0.99926758,0
0.09381104,-0.00390625,0.01153564,-0.99554443,0
0.15625000,-0.00964355,0.01818848,-0.98748779,0
0.20501709,-0.01641846,0.01696777,-0.97845459,0
0.26080322,-0.01928711,0.01220703,-0.96514893,0
0.31365967,-0.02124023,0.00970459,-0.94921875,0
0.36657715,-0.01672363,0.00665283,-0.93023682,0
0.41040039,-0.01495361,0.00659180,-0.91174316,0
0.46630859,-0.01019287,0.00335693,-0.88458252,0
0.52380371,-0.01092529,0.00512695,-0.85174561,0
0.56872559,-0.01507568,0.00799561,-0.82238770,0
0.62036133,-0.01257324,0.00488281,-0.78417969,0
0.66021729,-0.00573730,0.00158691,-0.75103760,0
0.70837402,-0.00286865,0.00189209,-0.70581055,0
0.75347900,0.00134277,0.00317383,-0.65747070,0
0.79235840,0.00366211,0.00756836,-0.60998535,0
0.81988525,0.00170898,0.00830078,-0.57244873,0
0.84899902,0.00256348,0.00683594,-0.52838135,0
0.87353516,-0.00036621,0.00354004,-0.48669434,0
0.89410400,-0.00073242,0.00268555,-0.44781494,0
0.90856934,0.00244141,0.00238037,-0.41766357,0
0.92376709,0.00390625,0.00122070,-0.38293457,0
0.93701172,0.00970459,0.00079346,-0.34912109,0
0.94696045,0.01208496,0.00091553,-0.32110596,0
0.95922852,0.01824951,0.00256348,-0.28198242,0
0.97070312,0.01593018,0.00195312,-0.23980713,0
0.97833252,0.01275635,0.00140381,-0.20672607,0
0.98608398,0.01074219,0.00317383,-0.16589355,0
0.99218750,0.01116943,0.00390625,-0.12432861,0
0.99554443,0.01049805,0.00390625,-0.09332275,0
0.99829102,0.01257324,0.00622559,-0.05694580,0
0.99963379,0.01184082,0.00982666,-0.02160645,0
0.99981689,0.01293945,0.01098633,0.00909424,0
0.99853516,0.01623535,0.01586914,0.04949951,0
0.99572754,0.01245117,0.01666260,0.09014893,0
0.99114990,0.01251221,0.02062988,0.13031006,0
0.98669434,0.01251221,0.02539062,0.15997314,0
0.97985840,0.00976562,0.02764893,0.19750977,0
0.97155762,0.00579834,0.02966309,0.23480225,0
0.96234131,0.00164795,0.02856445,0.27038574,0
0.95422363,0.00274658,0.02899170,0.29772949,0
0.94238281,0.00378418,0.03082275,0.33312988,0
0.93060303,0.00512695,0.03015137,0.36480713,0
0.91339111,0.00744629,0.03338623,0.40563965,0
0.89538574,0.00366211,0.03582764,0.44384766,0
0.88098145,0.00256348,0.03601074,0.47180176,0
0.86163330,0.00732422,0.03430176,0.50628662,0
0.84008789,0.01306152,0.03259277,0.54125977,0
0.81719971,0.01300049,0.03295898,0.57531738,0
0.79754639,0.01226807,0.03765869,0.60192871,0
0.77050781,0.01507568,0.04516602,0.63568115,0
0.74011230,0.01904297,0.04888916,0.67041016,0
0.71606445,0.02111816,0.05169678,0.69580078,0
0.68902588,0.01806641,0.05371094,0.72253418,0
0.66186523,0.01824951,0.05676270,0.74725342,0
0.63104248,0.01953125,0.05688477,0.77343750,0
0.60516357,0.01904297,0.05749512,0.79382324,0
0.57415771,0.01385498,0.04925537,0.81713867,0
0.54656982,0.01403809,0.04711914,0.83599854,0
0.52734375,0.01483154,0.04907227,0.84814453,0
0.50311279,0.01599121,0.04962158,0.86267090,0
0.48175049,0.01733398,0.05010986,0.87469482,0
0.45648193,0.01586914,0.04827881,0.88830566,0
0.43273926,0.01361084,0.04241943,0.90045166,0
0.41094971,0.01214600,0.04724121,0.91033936,0
0.39404297,0.01104736,0.04827881,0.91778564,0
0.37274170,0.01129150,0.04443359,0.92681885,0
0.35156250,0.01165771,0.04577637,0.93493652,0
0.32983398,0.00921631,0.04345703,0.94299316,0
0.31066895,0.00390625,0.04144287,0.94958496,0
0.28558350,-0.00177002,0.03912354,0.95758057,0
0.25946045,-0.00567627,0.03704834,0.96502686,0
0.23730469,-0.00695801,0.03967285,0.97058105,0
0.20831299,-0.01062012,0.04089355,0.97717285,0
0.17889404,-0.01391602,0.04699707,0.98266602,0
0.15655518,-0.01733398,0.05200195,0.98614502,0
0.13250732,-0.02014160,0.04962158,0.98974609,0
0.11346436,-0.02111816,0.05261230,0.99194336,0
0.10113525,-0.02081299,0.05358887,0.99322510,0
0.08679199,-0.02081299,0.05432129,0.99450684,0
0.07482910,-0.02166748,0.05096436,0.99566650,0
0.06713867,-0.02026367,0.04998779,0.99627686,0
0.06323242,-0.01977539,0.05023193,0.99652100,0
0.06036377,-0.02008057,0.04437256,0.99700928,0
0.06024170,-0.02178955,0.04425049,0.99694824,0
0.06463623,-0.02349854,0.04443359,0.99664307,0
0.07415771,-0.02239990,0.04412842,0.99603271,0
0.09118652,-0.01727295,0.04650879,0.99462891,0
0.11352539,-0.01043701,0.04241943,0.99255371,0
0.13281250,-0.00573730,0.03381348,0.99053955,0
0.15911865,-0.00164795,0.01690674,0.98712158,0
0.18713379,0.00274658,0.00750732,0.98229980,0
0.21197510,0.00323486,0.00451660,0.97723389,0
0.24267578,0.00689697,0.00122070,0.97009277,0
0.27441406,0.01019287,0.00085449,0.96154785,0
0.29913330,0.01239014,0.00311279,0.95416260,0
0.32989502,0.01580811,0.00787354,0.94384766,0
0.36218262,0.01647949,0.00836182,0.93194580,0
0.38653564,0.01739502,0.00787354,0.92205811,0
0.41564941,0.01629639,0.00469971,0.90936279,0
0.44769287,0.01599121,-0.00140381,0.89404297,0
0.47778320,0.01544189,-0.00091553,0.87835693,0
0.50286865,0.01177979,-0.00115967,0.86431885,0
0.53295898,0.01190186,-0.00250244,0.84606934,0
0.56036377,0.01287842,-0.00531006,0.82812500,0
0.58764648,0.01672363,-0.00970459,0.80889893,0
0.60961914,0.01928711,-0.01184082,0.79235840,0
0.63684082,0.01892090,-0.02117920,0.77044678,0
0.66027832,0.01666260,-0.02471924,0.75042725,0
0.68804932,0.01818848,-0.02343750,0.72503662,0
0.71661377,0.02221680,-0.02142334,0.69677734,0
0.73736572,0.02813721,-0.01763916,0.67462158,0
0.75982666,0.03521729,-0.01000977,0.64910889,0
0.77966309,0.03350830,-0.01080322,0.62518311,0
0.79687500,0.03039551,-0.00854492,0.60333252,0
0.80987549,0.02960205,-0.00897217,0.58581543,0
0.82647705,0.02978516,-0.00964355,0.56213379,0
0.84436035,0.02832031,-0.00750732,0.53497314,0
0.85815430,0.02819824,-0.00823975,0.51251221,0
0.87390137,0.02551270,-0.00378418,0.48541260,0
0.88879395,0.01965332,-0.00036621,0.45782471,0
0.90295410,0.01342773,0.00006104,0.42950439,0
0.91430664,0.00732422,0.00048828,0.40490723,0
0.92840576,0.00268555,0.00189209,0.37158203,0
0.94323730,0.00042725,0.00201416,0.33215332,0
0.95520020,-0.00268555,0.00299072,0.29602051,0
0.96911621,-0.00305176,0.00781250,0.24658203,0
0.97851562,-0.00207520,0.01080322,0.20599365,0
0.98797607,-0.00415039,0.01263428,0.15417480,0
0.99450684,-0.00646973,0.00921631,0.10400391,0
0.99853516,-0.01141357,0.00640869,0.05279541,0
0.99981689,-0.01568604,0.00299072,0.01239014,0
0.99914551,-0.01586914,0.00225830,-0.03796387,0
0.99615479,-0.01373291,0.00140381,-0.08660889,0
0.99102783,-0.01269531,-0.00103760,-0.13287354,0
0.98559570,-0.01306152,-0.00329590,-0.16864014,0
0.97692871,-0.01373291,-0.00769043,-0.21301270,0
0.96563721,-0.01055908,-0.01452637,-0.25927734,0
0.95477295,-0.00598145,-0.02032471,-0.29663086,0
0.93957520,-0.00262451,-0.02587891,-0.34143066,0
0.92279053,-0.00006104,-0.02642822,-0.38439941,0
0.90911865,0.00238037,-0.02685547,-0.41571045,0
0.89227295,0.00469971,-0.02758789,-0.45056152,0
0.87597656,0.00817871,-0.02752686,-0.48150635,0
0.86309814,0.01275635,-0.02740479,-0.50415039,0
0.84741211,0.01391602,-0.02593994,-0.53009033,0
0.83270264,0.01708984,-0.02777100,-0.55279541,0
0.82189941,0.01623535,-0.02880859,-0.56866455,0
0.80773926,0.01428223,-0.02844238,-0.58862305,0
0.79132080,0.01348877,-0.02868652,-0.61059570,0
0.77197266,0.01214600,-0.02526855,-0.63500977,0
0.75524902,0.01177979,-0.02520752,-0.65484619,0
0.73388672,0.01281738,-0.02398682,-0.67877197,0
0.71026611,0.01464844,-0.01702881,-0.70355225,0
0.68457031,0.01525879,-0.01361084,-0.72869873,0
0.66302490,0.01306152,-0.01452637,-0.74835205,0
0.63500977,0.01177979,-0.01220703,-0.77233887,0
0.61230469,0.00909424,-0.01153564,-0.79046631,0
0.58221436,0.00689697,-0.00695801,-0.81298828,0
0.55041504,0.00848389,0.00225830,-0.83483887,0
0.52685547,0.01123047,0.00878906,-0.84985352,0
0.50305176,0.00610352,0.01947021,-0.86401367,0
0.47857666,-0.00018311,0.02929688,-0.87756348,0
0.44628906,-0.00048828,0.03662109,-0.89410400,0
0.41741943,0.00445557,0.03826904,-0.90789795,0
0.38330078,0.00775146,0.03643799,-0.92285156,0
0.35095215,0.00537109,0.03131104,-0.93585205,0
0.32336426,0.00280762,0.02740479,-0.94586182,0
0.28558350,0.00170898,0.02246094,-0.95806885,0
0.24499512,0.00073242,0.01770020,-0.96936035,0
0.20593262,-0.00036621,0.01513672,-0.97845459,0
0.17651367,0.00030518,0.01373291,-0.98419189,0
0.14367676,0.00109863,0.01434326,-0.98950195,0
0.11346436,0.00115967,0.01684570,-0.99340820,0
0.08966064,0.00183105,0.01782227,-0.99578857,0
0.05865479,0.00665283,0.01904297,-0.99804688,0
0.03570557,0.00775146,0.01788330,-0.99914551,0
0.00860596,0.00500488,0.01617432,-0.99981689,0
-0.02270508,0.00549316,0.01574707,-0.99963379,0
-0.05541992,0.01135254,0.01452637,-0.99829102,0
-0.07922363,0.01702881,0.01574707,-0.99658203,0
-0.10485840,0.01928711,0.01983643,-0.99407959,0
-0.13134766,0.02050781,0.02429199,-0.99084473,0
-0.15966797,0.02325439,0.02496338,-0.98657227,0
-0.18243408,0.02130127,0.02276611,-0.98272705,0
-0.20947266,0.01739502,0.02227783,-0.97741699,0
-0.23461914,0.01477051,0.02056885,-0.97174072,0
-0.25347900,0.01556396,0.01922607,-0.96704102,0
-0.27447510,0.01965332,0.02246094,-0.96112061,0
-0.29541016,0.02429199,0.02386475,-0.95477295,0
-0.31262207,0.02667236,0.02514648,-0.94915771,0
-0.33703613,0.02850342,0.02722168,-0.94067383,0
-0.36309814,0.02954102,0.02923584,-0.93084717,0
-0.38397217,0.03082275,0.03063965,-0.92230225,0
-0.40979004,0.03216553,0.03277588,-0.91101074,0
-0.43151855,0.03094482,0.03527832,-0.90087891,0
-0.44879150,0.03173828,0.04003906,-0.89221191,0
-0.45874023,0.03314209,0.03997803,-0.88702393,0
-0.46673584,0.03137207,0.03863525,-0.88299561,0
-0.46844482,0.03082275,0.03924561,-0.88208008,0
-0.46435547,0.03228760,0.04010010,-0.88415527,0
-0.45336914,0.03350830,0.03942871,-0.88983154,0
-0.43420410,0.02807617,0.03344727,-0.89978027,0
-0.40692139,0.01934814,0.02783203,-0.91284180,0
-0.38305664,0.01153564,0.02056885,-0.92346191,0
-0.35174561,0.00512695,0.01647949,-0.93591309,0
-0.31384277,-0.00036621,0.01452637,-0.94934082,0
-0.27905273,-0.00274658,0.00848389,-0.96020508,0
-0.23004150,-0.00378418,0.00799561,-0.97314453,0
-0.18835449,-0.00390625,0.00695801,-0.98205566,0
-0.13623047,-0.00311279,0.00256348,-0.99066162,0
-0.08459473,-0.00567627,0.00164795,-0.99639893,0
-0.03430176,-0.00598145,-0.00225830,-0.99938965,0
0.01568604,-0.00701904,-0.00262451,-0.99987793,0
0.05645752,-0.00830078,-0.00366211,-0.99835205,0
0.10473633,-0.00750732,-0.00677490,-0.99444580,0
0.15106201,-0.00476074,-0.00976562,-0.98846436,0
0.18743896,-0.00164795,-0.01104736,-0.98223877,0
0.23022461,0.00366211,-0.01110840,-0.97308350,0
0.27337646,0.00744629,-0.00903320,-0.96185303,0
0.31628418,0.01275635,-0.00897217,-0.94854736,0
0.35070801,0.01293945,-0.00622559,-0.93640137,0
0.39306641,0.01611328,-0.00921631,-0.91931152,0
0.43139648,0.01727295,-0.00952148,-0.90191650,0
0.45886230,0.01904297,-0.01263428,-0.88818359,0
0.49145508,0.02410889,-0.01672363,-0.87042236,0
0.52380371,0.02520752,-0.01715088,-0.85131836,0
0.54998779,0.02478027,-0.01599121,-0.83465576,0
0.58258057,0.02331543,-0.01483154,-0.81231689,0
0.61474609,0.02288818,-0.01104736,-0.78833008,0
0.64056396,0.02282715,-0.00683594,-0.76751709,0
0.67187500,0.02459717,-0.00097656,-0.74029541,0
0.70263672,0.02270508,0.00628662,-0.71118164,0
0.73144531,0.02062988,0.00994873,-0.68151855,0
0.75207520,0.02008057,0.01171875,-0.65869141,0
0.77539062,0.02050781,0.01379395,-0.63104248,0
0.79809570,0.02502441,0.01531982,-0.60180664,0
0.82037354,0.02569580,0.01788330,-0.57098389,0
0.83856201,0.02667236,0.01959229,-0.54376221,0
0.85980225,0.02416992,0.02325439,-0.50958252,0
0.87561035,0.02496338,0.02618408,-0.48168945,0
0.89343262,0.02844238,0.02655029,-0.44750977,0
0.90875244,0.03607178,0.02746582,-0.41491699,0
0.91986084,0.04010010,0.02990723,-0.38897705,0
0.93273926,0.04864502,0.02874756,-0.35607910,0
0.94488525,0.04956055,0.02551270,-0.32263184,0
0.95550537,0.05078125,0.02307129,-0.28973389,0
0.96301270,0.04962158,0.02465820,-0.26367188,0
0.97192383,0.04577637,0.02618408,-0.22937012,0
0.97955322,0.04742432,0.02709961,-0.19366455,0
0.98474121,0.04626465,0.02801514,-0.16552734,0
0.98956299,0.05029297,0.03155518,-0.13122559,0
0.99322510,0.05145264,0.03424072,-0.09851074,0
0.99584961,0.05108643,0.03710938,-0.06585693,0
0.99719238,0.04870605,0.04040527,-0.04034424,0
0.99804688,0.04510498,0.04248047,-0.00909424,0
0.99810791,0.03900146,0.04327393,0.01965332,0
0.99755859,0.03601074,0.04418945,0.04040527,0
0.99627686,0.03436279,0.04602051,0.06433105,0
0.99487305,0.03320312,0.04827881,0.08264160,0
0.99255371,0.03253174,0.05004883,0.10638428,0
0.98956299,0.03173828,0.04827881,0.13177490,0
0.98608398,0.02935791,0.04742432,0.15649414,0
0.98272705,0.02758789,0.04815674,0.17645264,0
0.97778320,0.02569580,0.04925537,0.20220947,0
0.97155762,0.02374268,0.05194092,0.22979736,0
0.96429443,0.02124023,0.05419922,0.25848389,0
0.95764160,0.01812744,0.05548096,0.28204346,0
0.94818115,0.01464844,0.05664062,0.31231689,0
0.93762207,0.01165771,0.05737305,0.34271240,0
0.92822266,0.00823975,0.05798340,0.36737061,0
0.91516113,0.00415039,0.05859375,0.39886475,0
0.90081787,0.00115967,0.06018066,0.42999268,0
0.88824463,0.00012207,0.06097412,0.45532227,0
0.87017822,-0.00225830,0.06311035,0.48870850,0
0.85369873,-0.00640869,0.06469727,0.51672363,0
0.83087158,-0.01214600,0.06573486,0.55242920,0
0.80761719,-0.01452637,0.06573486,0.58581543,0
0.78424072,-0.01519775,0.06512451,0.61682129,0
0.76593018,-0.01446533,0.06549072,0.63946533,0
0.74426270,-0.01501465,0.06604004,0.66442871,0
0.72375488,-0.01660156,0.06817627,0.68652344,0
0.70263672,-0.01702881,0.07263184,0.70764160,0
0.68554688,-0.01928711,0.07366943,0.72406006,0
0.66339111,-0.02191162,0.07684326,0.74401855,0
0.64135742,-0.02520752,0.07739258,0.76287842,0
0.62347412,-0.02752686,0.07873535,0.77734375,0
0.60113525,-0.03295898,0.07708740,0.79473877,0
0.57806396,-0.03814697,0.07452393,0.81170654,0
0.55950928,-0.04144287,0.07366943,0.82452393,0
0.53710938,-0.04296875,0.07495117,0.83905029,0
0.51855469,-0.04687500,0.06982422,0.85089111,0
0.50555420,-0.04504395,0.07043457,0.85870361,0
0.49291992,-0.04437256,0.06640625,0.86639404,0
0.48590088,-0.04797363,0.05676270,0.87084961,0
0.48150635,-0.04669189,0.05511475,0.87347412,0
0.48107910,-0.04846191,0.04870605,0.87396240,0
0.48364258,-0.04876709,0.04248047,0.87286377,0
0.49121094,-0.04608154,0.04174805,0.86883545,0
0.50085449,-0.04785156,0.03503418,0.86346436,0
0.51641846,-0.04846191,0.02722168,0.85449219,0
0.53643799,-0.04833984,0.02148438,0.84228516,0
0.55969238,-0.04333496,0.01733398,0.82739258,0
0.57989502,-0.04113770,0.01239014,0.81359863,0
0.60662842,-0.03900146,0.00769043,0.79400635,0
0.62750244,-0.03717041,0.00457764,0.77770996,0
0.65332031,-0.03662109,-0.00207520,0.75616455,0
0.68066406,-0.03332520,-0.00396729,0.73187256,0
0.70361328,-0.03094482,-0.00311279,0.70989990,0
0.73297119,-0.02691650,-0.00225830,0.67974854,0
0.76110840,-0.02227783,-0.00445557,0.64819336,0
0.78179932,-0.01983643,-0.00695801,0.62316895,0
0.80584717,-0.01568604,-0.00811768,0.59185791,0
0.82849121,-0.01110840,-0.01043701,0.55975342,0
0.84875488,-0.00726318,-0.00756836,0.52868652,0
0.86328125,-0.00390625,-0.00726318,0.50469971,0
0.88024902,-0.00097656,-0.00750732,0.47448730,0
0.89678955,0.00372314,-0.01190186,0.44226074,0
0.91320801,0.00518799,-0.01000977,0.40728760,0
0.92584229,0.00604248,-0.00555420,0.37786865,0
0.94006348,0.00683594,-0.00732422,0.34088135,0
0.95043945,0.00671387,-0.00793457,0.31066895,0
0.96240234,0.00433350,-0.00744629,0.27142334,0
0.97332764,0.00189209,-0.00732422,0.22918701,0
0.98107910,0.00103760,-0.00793457,0.19335938,0
0.98913574,0.00018311,-0.00958252,0.14660645,0
0.99505615,0.00122070,-0.00976562,0.09893799,0
0.99853516,0.00158691,-0.01068115,0.05340576,0
0.99969482,0.00305176,-0.01324463,0.01916504,0
0.99957275,0.00329590,-0.01727295,-0.02203369,0
0.99780273,0.00439453,-0.01965332,-0.06280518,0
0.99523926,0.00512695,-0.01812744,-0.09545898,0
0.99041748,0.00732422,-0.01812744,-0.13659668,0
0.98431396,0.00872803,-0.01556396,-0.17547607,0
0.97863770,0.00915527,-0.01385498,-0.20507812,0
0.97045898,0.00683594,-0.00836182,-0.24090576,0
0.96087646,0.00567627,-0.00653076,-0.27685547,0
0.95220947,0.00677490,-0.00421143,-0.30541992,0
0.94073486,0.00848389,-0.00634766,-0.33886719,0
0.92840576,0.00915527,-0.00787354,-0.37133789,0
0.91760254,0.01098633,-0.00848389,-0.39721680,0
0.90393066,0.01403809,-0.00964355,-0.42736816,0
0.88977051,0.01727295,-0.01092529,-0.45593262,0
0.87860107,0.02124023,-0.01373291,-0.47692871,0
0.86413574,0.02471924,-0.01647949,-0.50238037,0
0.84942627,0.02850342,-0.01361084,-0.52673340,0
0.83502197,0.03253174,-0.01385498,-0.54901123,0
0.82440186,0.03442383,-0.01324463,-0.56475830,0
0.81060791,0.03839111,-0.01519775,-0.58410645,0
0.79583740,0.04193115,-0.01434326,-0.60388184,0
0.78094482,0.04473877,-0.01416016,-0.62286377,0
0.76861572,0.04376221,-0.01086426,-0.63812256,0
0.75244141,0.04400635,-0.00836182,-0.65716553,0
0.73962402,0.04443359,-0.00970459,-0.67150879,0
0.72290039,0.04296875,-0.00885010,-0.68957520,0
0.70391846,0.04388428,-0.00848389,-0.70886230,0
0.68750000,0.04534912,-0.00701904,-0.72473145,0
0.66583252,0.04663086,-0.00756836,-0.74456787,0
0.64282227,0.04663086,-0.00714111,-0.76458740,0
0.61956787,0.04779053,-0.00805664,-0.78344727,0
0.60101318,0.04895020,-0.00817871,-0.79766846,0
0.57940674,0.04772949,-0.00720215,-0.81359863,0
0.55895996,0.04516602,-0.00665283,-0.82794189,0
0.53808594,0.04199219,-0.00372314,-0.84185791,0
0.52062988,0.04150391,-0.00146484,-0.85278320,0
0.49737549,0.04241943,0.00256348,-0.86651611,0
0.47412109,0.04254150,0.00567627,-0.87939453,0
0.45129395,0.04345703,0.00604248,-0.89129639,0
0.43225098,0.04272461,0.00537109,-0.90069580,0
0.40716553,0.04412842,0.00494385,-0.91229248,0
0.38702393,0.04833984,0.00445557,-0.92077637,0
0.36297607,0.05212402,0.00537109,-0.93029785,0
0.34228516,0.05419922,0.00811768,-0.93798828,0
0.32659912,0.05609131,0.01129150,-0.94342041,0
0.30560303,0.05718994,0.01611328,-0.95031738,0
0.28039551,0.05981445,0.02178955,-0.95776367,0
0.25183105,0.06182861,0.02532959,-0.96545410,0
0.22796631,0.06195068,0.02459717,-0.97137451,0
0.19757080,0.05963135,0.02484131,-0.97814941,0
0.16680908,0.05810547,0.02685547,-0.98388672,0
0.13586426,0.05694580,0.02966309,-0.98864746,0
0.11163330,0.05554199,0.03186035,-0.99169922,0
0.08166504,0.05456543,0.03247070,-0.99462891,0
0.05377197,0.05242920,0.03320312,-0.99664307,0
0.03234863,0.05114746,0.03125000,-0.99768066,0
0.00622559,0.04888916,0.03033447,-0.99835205,0
-0.02099609,0.04681396,0.02868652,-0.99829102,0
-0.04296875,0.04681396,0.02789307,-0.99755859,0
-0.06884766,0.04803467,0.02740479,-0.99609375,0
-0.09161377,0.04840088,0.02789307,-0.99420166,0
-0.10791016,0.04705811,0.02923584,-0.99261475,0
-0.12762451,0.04656982,0.02777100,-0.99035645,0
-0.14447021,0.04718018,0.02832031,-0.98797607,0
-0.15435791,0.04754639,0.02899170,-0.98645020,0
-0.16223145,0.04351807,0.02508545,-0.98547363,0
-0.16485596,0.03656006,0.01824951,-0.98547363,0
-0.16302490,0.03155518,0.01446533,-0.98602295,0
-0.16058350,0.03125000,0.01385498,-0.98645020,0
-0.15234375,0.02886963,0.01269531,-0.98785400,0
-0.13580322,0.02276611,0.01470947,-0.99035645,0
-0.11456299,0.01892090,0.01544189,-0.99310303,0
-0.09375000,0.01873779,0.01635742,-0.99530029,0
-0.06213379,0.01885986,0.01678467,-0.99774170,0
-0.03106689,0.02154541,0.01190186,-0.99920654,0
0.01190186,0.02008057,0.01354980,-0.99963379,0
0.05419922,0.02001953,0.01104736,-0.99829102,0
0.08770752,0.02136230,0.00994873,-0.99584961,0
0.13012695,0.02166748,0.00964355,-0.99121094,0
0.17309570,0.02233887,0.00897217,-0.98461914,0
0.21533203,0.02429199,0.00878906,-0.97619629,0
0.24774170,0.02801514,0.00799561,-0.96838379,0
0.28692627,0.03424072,0.00555420,-0.95733643,0
0.32580566,0.03588867,0.00262451,-0.94476318,0
0.36291504,0.03619385,0.00067139,-0.93109131,0
0.39141846,0.03656006,0.00061035,-0.91949463,0
0.42419434,0.03625488,-0.00054932,-0.90484619,0
0.45434570,0.03900146,0.00244141,-0.88995361,0
0.47705078,0.04119873,0.00415039,-0.87786865,0
0.50451660,0.04510498,0.00573730,-0.86218262,0
0.53405762,0.04541016,0.00585938,-0.84423828,0
0.55895996,0.04370117,0.00604248,-0.82800293,0
0.58886719,0.04241943,0.00738525,-0.80706787,0
0.61669922,0.04125977,0.00939941,-0.78607178,0
0.63696289,0.04266357,0.01013184,-0.76965332,0
0.66235352,0.04449463,0.00988770,-0.74780273,0
0.68756104,0.04528809,0.00714111,-0.72467041,0
0.70642090,0.04669189,0.00518799,-0.70623779,0
0.72863770,0.04626465,0.00872803,-0.68328857,0
0.75128174,0.04888916,0.01092529,-0.65808105,0
0.77496338,0.04827881,0.01324463,-0.63006592,0
0.79357910,0.04687500,0.01501465,-0.60644531,0
0.81561279,0.04437256,0.01776123,-0.57659912,0
0.83593750,0.04632568,0.01831055,-0.54656982,0
0.85534668,0.04699707,0.02050781,-0.51550293,0
0.87060547,0.04766846,0.02105713,-0.48913574,0
0.88867188,0.04711914,0.02349854,-0.45556641,0
0.90246582,0.04595947,0.02612305,-0.42749023,0
0.91864014,0.04418945,0.02911377,-0.39154053,0
0.93316650,0.04150391,0.03460693,-0.35528564,0
0.94348145,0.04089355,0.03790283,-0.32666016,0
0.95489502,0.04376221,0.03845215,-0.29113770,0
0.96472168,0.04333496,0.03918457,-0.25683594,0
0.97314453,0.04504395,0.04101562,-0.22198486,0
0.97924805,0.04626465,0.04150391,-0.19293213,0
0.98590088,0.04547119,0.04345703,-0.15509033,0
0.99078369,0.04730225,0.04626465,-0.11816406,0
0.99340820,0.04833984,0.05059814,-0.09069824,0
0.99572754,0.04797363,0.05462646,-0.05718994,0
0.99688721,0.04852295,0.05773926,-0.02301025,0
0.99688721,0.04852295,0.06127930,0.00982666,0
0.99615479,0.04797363,0.06384277,0.03546143,0
0.99438477,0.04815674,0.06610107,0.06756592,0
0.99218750,0.04882812,0.06573486,0.09387207,0
0.98876953,0.04821777,0.06512451,0.12536621,0
0.98480225,0.04461670,0.06506348,0.15460205,0
0.98126221,0.04199219,0.06573486,0.17620850,0
0.97631836,0.03906250,0.06689453,0.20196533,0
0.97082520,0.03503418,0.06744385,0.22753906,0
0.96569824,0.03289795,0.06823730,0.24847412,0
0.95861816,0.02978516,0.06793213,0.27478027,0
0.95043945,0.02844238,0.06939697,0.30169678,0
0.94104004,0.02581787,0.07122803,0.32971191,0
0.93243408,0.02545166,0.07269287,0.35302734,0
0.92053223,0.02630615,0.07214355,0.38305664,0
0.90795898,0.02593994,0.07110596,0.41217041,0
0.89843750,0.02496338,0.06982422,0.43273926,0
0.88708496,0.02142334,0.06921387,0.45581055,0
0.87561035,0.01794434,0.06903076,0.47772217,0
0.86633301,0.01379395,0.06903076,0.49450684,0
0.85528564,0.01361084,0.06884766,0.51342773,0
0.84429932,0.01776123,0.07183838,0.53076172,0
0.83612061,0.01641846,0.07159424,0.54357910,0
0.82525635,0.01458740,0.06726074,0.56054688,0
0.81243896,0.01647949,0.06738281,0.57885742,0
0.80096436,0.01440430,0.06616211,0.59484863,0
0.78442383,0.01129150,0.06610107,0.61657715,0
0.76422119,0.00933838,0.06622314,0.64147949,0
0.74035645,0.00878906,0.06555176,0.66894531,0
0.71966553,0.00555420,0.06500244,0.69122314,0
0.69110107,0.00177002,0.06677246,0.71966553,0
0.65783691,-0.00299072,0.07006836,0.74987793,0
0.62115479,-0.00860596,0.06683350,0.78076172,0
0.59082031,-0.00988770,0.06439209,0.80419922,0
0.55426025,-0.01080322,0.06390381,0.82983398,0
0.52600098,-0.01135254,0.06530762,0.84790039,0
0.48834229,-0.01165771,0.07232666,0.86956787,0
0.45837402,-0.01916504,0.07031250,0.88574219,0
0.43707275,-0.02496338,0.07012939,0.89636230,0
0.40924072,-0.02636719,0.06884766,0.90942383,0
0.38311768,-0.02667236,0.06701660,0.92089844,0
0.36053467,-0.02484131,0.06457520,0.93017578,0
0.34588623,-0.02075195,0.06646729,0.93566895,0
0.33221436,-0.01916504,0.06530762,0.94073486,0
0.32226562,-0.02032471,0.05773926,0.94464111,0
0.31634521,-0.01538086,0.06042480,0.94659424,0
0.31390381,-0.01385498,0.05517578,0.94775391,0
0.31665039,-0.01605225,0.04351807,0.94738770,0
0.32312012,-0.01849365,0.03594971,0.94549561,0
0.33593750,-0.01971436,0.02972412,0.94122314,0
0.35253906,-0.01959229,0.02911377,0.93511963,0
0.36859131,-0.01940918,0.02703857,0.92901611,0
0.39154053,-0.01660156,0.02478027,0.91967773,0
0.41625977,-0.01354980,0.02496338,0.90881348,0
0.43695068,-0.01080322,0.02258301,0.89916992,0
0.46423340,-0.00677490,0.02148438,0.88543701,0
0.49316406,-0.00421143,0.01733398,0.86975098,0
0.51776123,-0.00189209,0.01361084,0.85540771,0
0.55053711,-0.00201416,0.01104736,0.83477783,0
0.58392334,-0.00189209,0.00622559,0.81176758,0
0.61853027,-0.00183105,0.00360107,0.78576660,0
0.64648438,-0.00219727,0.00140381,0.76287842,0
0.68164062,-0.00134277,-0.00091553,0.73168945,0
0.71624756,-0.00067139,-0.00286865,0.69781494,0
0.74945068,-0.00128174,-0.00616455,0.66198730,0
0.77551270,0.00238037,-0.00634766,0.63128662,0
0.80810547,0.01159668,-0.00701904,0.58886719,0
0.83227539,0.01770020,-0.00897217,0.55401611,0
0.85974121,0.02276611,-0.01000977,0.51013184,0
0.88311768,0.02453613,-0.01336670,0.46832275,0
0.89959717,0.02801514,-0.01513672,0.43554688,0
0.91748047,0.03363037,-0.01647949,0.39605713,0
0.93267822,0.03631592,-0.01879883,0.35833740,0
0.94592285,0.03979492,-0.01965332,0.32128906,0
0.95501709,0.04284668,-0.02227783,0.29254150,0
0.96514893,0.04394531,-0.01983643,0.25714111,0
0.97412109,0.04107666,-0.01538086,0.22174072,0
0.97998047,0.04205322,-0.01745605,0.19384766,0
0.98626709,0.04461670,-0.01989746,0.15789795,0
0.99139404,0.04522705,-0.02166748,0.12084961,0
0.99505615,0.04785156,-0.02331543,0.08361816,0
0.99700928,0.04888916,-0.02368164,0.05517578,0
0.99822998,0.04888916,-0.02459717,0.02203369,0
0.99853516,0.04864502,-0.02124023,-0.01049805,0
0.99792480,0.04833984,-0.02227783,-0.03570557,0
0.99627686,0.04901123,-0.02441406,-0.06634521,0
0.99401855,0.04669189,-0.02648926,-0.09484863,0
0.99182129,0.04504395,-0.02709961,-0.11639404,0
0.98840332,0.04425049,-0.02117920,-0.14373779,0
0.98431396,0.04101562,-0.01696777,-0.17089844,0
0.98022461,0.04052734,-0.01745605,-0.19305420,0
0.97412109,0.03863525,-0.01391602,-0.22222900,0
0.96661377,0.03863525,-0.01080322,-0.25305176,0
0.95794678,0.03839111,-0.00964355,-0.28424072,0
0.95013428,0.03912354,-0.00616455,-0.30926514,0
0.94000244,0.03698730,-0.00329590,-0.33911133,0
0.92938232,0.03393555,0.00189209,-0.36749268,0
0.92077637,0.03015137,0.00726318,-0.38879395,0
0.90887451,0.02551270,0.01068115,-0.41619873,0
0.89532471,0.02197266,0.01434326,-0.44458008,0
0.88348389,0.01892090,0.01434326,-0.46789551,0
0.86737061,0.01391602,0.01593018,-0.49725342,0
0.85070801,0.01513672,0.01831055,-0.52514648,0
0.83886719,0.01092529,0.01861572,-0.54388428,0
0.82397461,0.00494385,0.01867676,-0.56628418,0
0.80810547,-0.00250244,0.01959229,-0.58874512,0
0.79357910,-0.00531006,0.02050781,-0.60815430,0
0.77447510,-0.00860596,0.02441406,-0.63208008,0
0.75537109,-0.01361084,0.02392578,-0.65472412,0
0.73364258,-0.01898193,0.02514648,-0.67877197,0
0.71484375,-0.02392578,0.02777100,-0.69836426,0
0.68823242,-0.02813721,0.02868652,-0.72436523,0
0.65789795,-0.03070068,0.02697754,-0.75195312,0
0.62658691,-0.03375244,0.02264404,-0.77832031,0
0.60046387,-0.03424072,0.02050781,-0.79870605,0
0.56665039,-0.03277588,0.01831055,-0.82305908,0
0.53308105,-0.02990723,0.01873779,-0.84533691,0
0.50921631,-0.02819824,0.02075195,-0.85992432,0
0.48327637,-0.02740479,0.02276611,-0.87475586,0
0.46569824,-0.02746582,0.02551270,-0.88415527,0
0.44744873,-0.02807617,0.02703857,-0.89349365,0
0.43420410,-0.02636719,0.02044678,-0.90020752,0
0.42742920,-0.02532959,0.01885986,-0.90350342,0
0.42767334,-0.02062988,0.01141357,-0.90362549,0
0.43609619,-0.01544189,0.00640869,-0.89978027,0
0.45251465,-0.01574707,0.00482178,-0.89160156,0
0.47308350,-0.01580811,0.00439453,-0.88085938,0
0.49133301,-0.01153564,0.00451660,-0.87091064,0
0.51776123,-0.00360107,0.00762939,-0.85546875,0
0.55096436,0.00146484,0.00817871,-0.83447266,0
0.58099365,0.00488281,0.00744629,-0.81384277,0
0.62011719,0.00555420,0.00958252,-0.78442383,0
0.65832520,0.00683594,0.00976562,-0.75262451,0
0.68731689,0.00689697,0.00885010,-0.72625732,0
0.72149658,0.00341797,0.00549316,-0.69238281,0
0.75366211,0.00177002,0.00158691,-0.65728760,0
0.77752686,0.00274658,-0.00115967,-0.62884521,0
0.80596924,0.00250244,-0.00305176,-0.59191895,0
0.83190918,0.00396729,-0.00079346,-0.55493164,0
0.85083008,0.00646973,0.00103760,-0.52532959,0
0.87390137,0.01135254,-0.00109863,-0.48602295,0
0.89575195,0.01354980,-0.00048828,-0.44433594,0
0.91644287,0.01403809,0.00512695,-0.39990234,0
0.93078613,0.01684570,0.00848389,-0.36499023,0
0.94610596,0.02014160,0.01184082,-0.32299805,0
0.95928955,0.02233887,0.01403809,-0.28112793,0
0.97052002,0.02337646,0.01690674,-0.23937988,0
0.97778320,0.02575684,0.01721191,-0.20739746,0
0.98498535,0.02929688,0.01770020,-0.16906738,0
0.98974609,0.02917480,0.01666260,-0.13885498,0
0.99389648,0.02819824,0.01507568,-0.10552979,0
0.99639893,0.02819824,0.01611328,-0.07806396,0
0.99780273,0.02642822,0.01666260,-0.05871582,0
0.99884033,0.02465820,0.02124023,-0.03540039,0
0.99951172,0.02197266,0.01892090,-0.00958252,0
0.99951172,0.02178955,0.01861572,0.01440430,0
0.99902344,0.02124023,0.02124023,0.03283691,0
0.99786377,0.02270508,0.02410889,0.05627441,0
0.99591064,0.02795410,0.02832031,0.08111572,0
0.99383545,0.03063965,0.03326416,0.10144043,0
0.99029541,0.03247070,0.03930664,0.12933350,0
0.98553467,0.03271484,0.04193115,0.16101074,0
0.97961426,0.03320312,0.04455566,0.19287109,0
0.97399902,0.03656006,0.04577637,0.21881104,0
0.96557617,0.03948975,0.04553223,0.25299072,0
0.95581055,0.03662109,0.04650879,0.28790283,0
0.94720459,0.03259277,0.04833984,0.31524658,0
0.93554688,0.02923584,0.04864502,0.34857178,0
0.92517090,0.02661133,0.04193115,0.37628174,0
0.91217041,0.02301025,0.03448486,0.40765381,0
0.90136719,0.02178955,0.03802490,0.43084717,0
0.89038086,0.02203369,0.04644775,0.45227051,0
0.88018799,0.02374268,0.04705811,0.47167969,0
0.86627197,0.02911377,0.04998779,0.49627686,0
0.85327148,0.03045654,0.05596924,0.51751709,0
0.84130859,0.02984619,0.06463623,0.53582764,0
0.83105469,0.03051758,0.07043457,0.55090332,0
0.81451416,0.03344727,0.07043457,0.57489014,0
0.79675293,0.03253174,0.06512451,0.59991455,0
0.78314209,0.02868652,0.06182861,0.61816406,0
0.76751709,0.02484131,0.06170654,0.63757324,0
0.75164795,0.02343750,0.06097412,0.65631104,0
0.73742676,0.02301025,0.05718994,0.67260742,0
0.71875000,0.02117920,0.05419922,0.69287109,0
0.70007324,0.02050781,0.04864502,0.71209717,0
0.68579102,0.02117920,0.04547119,0.72607422,0
0.66876221,0.02038574,0.04412842,0.74188232,0
0.65136719,0.01733398,0.04101562,0.75744629,0
0.63299561,0.01684570,0.03851318,0.77301025,0
0.61682129,0.01867676,0.03912354,0.78588867,0
0.59460449,0.01831055,0.03869629,0.80285645,0
0.56915283,0.01464844,0.03363037,0.82141113,0
0.54736328,0.01208496,0.03082275,0.83624268,0
0.52239990,0.01007080,0.03216553,0.85205078,0
0.49841309,0.00793457,0.03546143,0.86614990,0
0.47290039,0.00561523,0.03393555,0.88043213,0
0.45025635,0.00354004,0.03417969,0.89221191,0
0.41979980,0.00054932,0.02941895,0.90716553,0
0.39239502,-0.00085449,0.02813721,0.91937256,0
0.37347412,-0.00292969,0.02868652,0.92718506,0
0.35217285,-0.00421143,0.02539062,0.93560791,0
0.33898926,-0.00415039,0.02612305,0.94042969,0
0.32745361,-0.00518799,0.02722168,0.94445801,0
0.31750488,-0.00738525,0.02581787,0.94787598,0
0.31134033,-0.01116943,0.02050781,0.95001221,0
0.31066895,-0.00878906,0.02484131,0.95013428,0
0.31707764,-0.00750732,0.03369141,0.94775391,0
0.33087158,-0.00646973,0.03430176,0.94305420,0
0.34710693,-0.00451660,0.03546143,0.93713379,0
0.37487793,0.00018311,0.03546143,0.92639160,0
0.41149902,0.00579834,0.02911377,0.91094971,0
0.45526123,0.01599121,0.02691650,0.88983154,0
0.49365234,0.02496338,0.02819824,0.86883545,0
0.54089355,0.03613281,0.02844238,0.83984375,0
0.57476807,0.04028320,0.02453613,0.81695557,0
0.61151123,0.04138184,0.02081299,0.78991699,0
0.64367676,0.04162598,0.01062012,0.76409912,0
0.66790771,0.04217529,0.00665283,0.74298096,0
0.69354248,0.03613281,0.00122070,0.71948242,0
0.71557617,0.02838135,-0.00689697,0.69793701,0
0.73693848,0.02368164,-0.00433350,0.67553711,0
0.75384521,0.01959229,-0.00640869,0.65667725,0
0.77648926,0.01422119,-0.00836182,0.62988281,0
0.80047607,0.00939941,-0.00286865,0.59930420,0
0.81817627,0.00531006,-0.00183105,0.57495117,0
0.83886719,0.00280762,-0.00250244,0.54431152,0
0.85845947,-0.00018311,-0.00036621,0.51287842,0
0.87658691,-0.00231934,0.00177002,0.48120117,0
0.89068604,-0.00354004,0.00463867,0.45452881,0
0.90643311,-0.00433350,0.00750732,0.42224121,0
0.91979980,-0.00488281,0.00372314,0.39227295,0
0.92968750,-0.00268555,0.00323486,0.36840820,0
0.94110107,-0.00030518,0.00878906,0.33795166,0
0.95159912,0.00268555,0.01336670,0.30712891,0
0.95928955,0.00573730,0.01861572,0.28173828,0
0.96777344,0.00683594,0.02252197,0.25061035,0
0.97460938,0.00946045,0.02154541,0.22271729,0
0.97930908,0.00848389,0.01965332,0.20129395,0
0.98516846,0.00775146,0.01751709,0.17059326,0
0.99023438,0.01007080,0.01971436,0.13745117,0
0.99395752,0.00982666,0.01800537,0.10803223,0
0.99597168,0.00854492,0.01330566,0.08856201,0
0.99774170,0.00433350,0.01116943,0.06591797,0
0.99908447,0.00451660,0.00976562,0.04180908,0
0.99975586,0.00976562,0.01306152,0.01330566,0
0.99981689,0.01062012,0.01385498,-0.00891113,0
0.99932861,0.00756836,0.01544189,-0.03302002,0
0.99841309,0.00299072,0.02166748,-0.05145264,0
0.99682617,0.00720215,0.02575684,-0.07476807,0
0.99499512,0.00952148,0.02587891,-0.09582520,0
0.99359131,0.00939941,0.02215576,-0.11053467,0
0.99169922,0.00732422,0.01928711,-0.12707520,0
0.98852539,0.01104736,0.01763916,-0.14941406,0
0.98468018,0.01965332,0.01202393,-0.17285156,0
0.98150635,0.02410889,0.00903320,-0.18957520,0
0.97784424,0.02789307,0.00531006,-0.20739746,0
0.97357178,0.03387451,-0.00128174,-0.22595215,0
0.96960449,0.03845215,-0.00555420,-0.24163818,0
0.96398926,0.04321289,-0.01202393,-0.26208496,0
0.95837402,0.03643799,-0.00866699,-0.28302002,0
0.95269775,0.02758789,-0.01824951,-0.30200195,0
0.94696045,0.02185059,-0.02209473,-0.31988525,0
0.93572998,0.01904297,-0.01757812,-0.35174561,0
0.92413330,0.02246094,-0.00921631,-0.38134766,0
0.90997314,0.02966309,-0.00573730,-0.41357422,0
0.89874268,0.02612305,-0.00775146,-0.43756104,0
0.88928223,0.02539062,-0.00610352,-0.45660400,0
0.87603760,0.02777100,-0.00463867,-0.48144531,0
0.86187744,0.03112793,-0.00482178,-0.50610352,0
0.84838867,0.03259277,-0.00756836,-0.52832031,0
0.83746338,0.03088379,-0.00958252,-0.54547119,0
0.82354736,0.02880859,-0.01110840,-0.56640625,0
0.80902100,0.02673340,-0.01245117,-0.58703613,0
0.79400635,0.02587891,-0.01086426,-0.60729980,0
0.78179932,0.02709961,-0.00836182,-0.62286377,0
0.76837158,0.02368164,-0.00622559,-0.63952637,0
0.75524902,0.02026367,-0.00567627,-0.65515137,0
0.74127197,0.01806641,-0.00274658,-0.67095947,0
0.72973633,0.01519775,-0.00024414,-0.68353271,0
0.71508789,0.01269531,0.00140381,-0.69891357,0
0.70275879,0.00878906,-0.00024414,-0.71142578,0
0.68426514,0.00390625,-0.00299072,-0.72924805,0
0.66400146,0.00378418,-0.00439453,-0.74774170,0
0.64923096,0.00164795,-0.00396729,-0.76062012,0
0.63195801,0.00402832,-0.00079346,-0.77502441,0
0.61425781,0.00317383,0.00067139,-0.78906250,0
0.59552002,0.00152588,0.00256348,-0.80334473,0
0.58020020,0.00085449,0.00384521,-0.81445312,0
0.56115723,-0.00201416,0.00927734,-0.82763672,0
0.54211426,-0.00323486,0.00878906,-0.84027100,0
0.52209473,-0.00250244,0.01196289,-0.85278320,0
0.50695801,-0.00225830,0.01458740,-0.86187744,0
0.48767090,-0.00366211,0.01147461,-0.87292480,0
0.46594238,-0.00885010,0.00878906,-0.88470459,0
0.44085693,-0.01147461,0.00518799,-0.89752197,0
0.41961670,-0.01208496,0.00189209,-0.90759277,0
0.39416504,-0.01580811,-0.00347900,-0.91888428,0
0.36730957,-0.01916504,-0.00830078,-0.92987061,0
0.34405518,-0.02032471,-0.00573730,-0.93872070,0
0.31359863,-0.02105713,-0.00531006,-0.94927979,0
0.28485107,-0.02233887,-0.00390625,-0.95831299,0
0.26373291,-0.02124023,-0.00134277,-0.96435547,0
0.23925781,-0.02282715,0.00421143,-0.97070312,0
0.21478271,-0.02386475,0.00878906,-0.97631836,0
0.19030762,-0.02398682,0.01361084,-0.98132324,0
0.17126465,-0.02355957,0.01983643,-0.98474121,0
0.14660645,-0.01983643,0.02380371,-0.98870850,0
0.12329102,-0.01739502,0.02807617,-0.99182129,0
0.10424805,-0.01757812,0.03088379,-0.99389648,0
0.07702637,-0.01403809,0.03247070,-0.99639893,0
0.04876709,-0.01062012,0.03173828,-0.99822998,0
0.02026367,-0.00170898,0.02813721,-0.99938965,0
-0.00347900,0.00146484,0.02709961,-0.99963379,0
-0.02978516,0.00787354,0.03405762,-0.99896240,0
-0.05566406,0.00842285,0.04260254,-0.99749756,0
-0.08160400,0.01202393,0.03680420,-0.99591064,0
-0.10797119,0.01269531,0.03765869,-0.99334717,0
-0.12725830,0.01239014,0.03796387,-0.99108887,0
-0.15118408,0.01428223,0.03704834,-0.98773193,0
-0.17156982,0.01794434,0.04101562,-0.98413086,0
-0.18548584,0.02508545,0.04455566,-0.98132324,0
-0.19592285,0.03210449,0.04150391,-0.97918701,0
-0.20953369,0.04071045,0.03674316,-0.97625732,0
-0.21978760,0.04821777,0.03552246,-0.97369385,0
-0.23901367,0.05303955,0.03314209,-0.96899414,0
-0.25933838,0.05541992,0.02801514,-0.96380615,0
-0.28045654,0.05480957,0.02954102,-0.95782471,0
-0.29962158,0.05047607,0.03436279,-0.95208740,0
-0.31256104,0.04595947,0.03833008,-0.94799805,0
-0.32421875,0.04718018,0.04962158,-0.94348145,0
-0.32989502,0.05456543,0.05065918,-0.94110107,0
-0.33374023,0.05743408,0.04772949,-0.93969727,0
-0.33764648,0.05944824,0.04656982,-0.93823242,0
-0.33770752,0.06036377,0.04461670,-0.93823242,0
-0.33526611,0.05761719,0.04467773,-0.93933105,0
-0.32952881,0.05609131,0.04455566,-0.94140625,0
-0.32043457,0.05383301,0.04040527,-0.94488525,0
-0.30621338,0.04962158,0.03503418,-0.95001221,0
-0.29077148,0.04571533,0.03308105,-0.95513916,0
-0.26818848,0.03887939,0.02941895,-0.96215820,0
-0.24230957,0.03442383,0.02923584,-0.96917725,0
-0.24230957,0.03442383,0.02923584,-0.96917725,0
-0.21942139,0.02966309,0.03015137,-0.97473145,0
-0.18811035,0.02459717,0.02941895,-0.98138428,0
-0.15350342,0.01373291,0.02996826,-0.98760986,0
-0.11853027,0.00231934,0.03143311,-0.99243164,0
-0.08941650,-0.00323486,0.03137207,-0.99548340,0
-0.05212402,-0.00836182,0.03594971,-0.99798584,0
-0.02258301,-0.00946045,0.03796387,-0.99896240,0
0.01379395,-0.01354980,0.04083252,-0.99896240,0
0.05072021,-0.01599121,0.04290771,-0.99768066,0
0.08129883,-0.01660156,0.04437256,-0.99554443,0
0.11914062,-0.01275635,0.04510498,-0.99176025,0
0.15759277,-0.01116943,0.04949951,-0.98620605,0
0.19659424,-0.00988770,0.04919434,-0.97918701,0
0.22753906,-0.01049805,0.04980469,-0.97241211,0
0.26354980,-0.01428223,0.05450439,-0.96301270,0
0.30010986,-0.01470947,0.05883789,-0.95196533,0
0.32879639,-0.01477051,0.06536865,-0.94201660,0
0.36486816,-0.01483154,0.07244873,-0.92810059,0
0.40075684,-0.01702881,0.07739258,-0.91271973,0
0.43499756,-0.01818848,0.08630371,-0.89611816,0
0.46014404,-0.01690674,0.09069824,-0.88305664,0
0.48986816,-0.01574707,0.09777832,-0.86614990,0
0.51257324,-0.01568604,0.10565186,-0.85198975,0
0.53997803,-0.01483154,0.11346436,-0.83386230,0
0.56579590,-0.01318359,0.11608887,-0.81622314,0
0.58605957,-0.01312256,0.11761475,-0.80157471,0
0.60925293,-0.01037598,0.11840820,-0.78399658,0
0.63208008,-0.00799561,0.11773682,-0.76586914,0
0.65423584,-0.00543213,0.11639404,-0.74725342,0
0.67230225,-0.00506592,0.11517334,-0.73120117,0
0.69335938,-0.00622559,0.11462402,-0.71136475,0
0.71380615,-0.00677490,0.10620117,-0.69219971,0
0.73376465,-0.00683594,0.09564209,-0.67260742,0
0.74938965,-0.00616455,0.08807373,-0.65625000,0
0.76934814,-0.00378418,0.07916260,-0.63391113,0
0.78820801,-0.00036621,0.07183838,-0.61114502,0
0.80328369,0.00085449,0.06506348,-0.59204102,0
0.82067871,0.00390625,0.05670166,-0.56860352,0
0.83721924,0.00659180,0.04852295,-0.54467773,0
0.85040283,0.00915527,0.04309082,-0.52429199,0
0.86688232,0.00787354,0.03912354,-0.49694824,0
0.87963867,0.00640869,0.03704834,-0.47418213,0
0.89434814,0.00286865,0.03369141,-0.44604492,0
0.90722656,0.00006104,0.02825928,-0.41961670,0
0.91809082,-0.00073242,0.02441406,-0.39556885,0
0.92572021,-0.00177002,0.02325439,-0.37756348,0
0.93487549,-0.00323486,0.02270508,-0.35412598,0
0.94366455,-0.00677490,0.02001953,-0.33013916,0
0.95117188,-0.01434326,0.01721191,-0.30773926,0
0.95611572,-0.01751709,0.01776123,-0.29187012,0
0.96209717,-0.01446533,0.01855469,-0.27172852,0
0.96826172,-0.01348877,0.01861572,-0.24890137,0
0.97320557,-0.01293945,0.01995850,-0.22869873,0
0.97918701,-0.01434326,0.02221680,-0.20123291,0
0.98455811,-0.01672363,0.02282715,-0.17272949,0
0.98828125,-0.01751709,0.02331543,-0.14978027,0
0.99224854,-0.01959229,0.02117920,-0.12066650,0
0.99548340,-0.01623535,0.01940918,-0.09173584,0
0.99737549,-0.01422119,0.01800537,-0.06860352,0
0.99902344,-0.01251221,0.01727295,-0.03881836,0
0.99975586,-0.01092529,0.01666260,-0.00701904,0
0.99957275,-0.00982666,0.01629639,0.02075195,0
0.99822998,-0.01116943,0.01708984,0.05609131,0
0.99572754,-0.00787354,0.01934814,0.08959961,0
0.99224854,-0.00476074,0.01977539,0.12261963,0
0.98864746,-0.00177002,0.02185059,0.14880371,0
0.98321533,0.00109863,0.02459717,0.18090820,0
0.97680664,0.00335693,0.02642822,0.21234131,0
0.96984863,0.00762939,0.02941895,0.24188232,0
0.96386719,0.01013184,0.03009033,0.26458740,0
0.95587158,0.01263428,0.03002930,0.29199219,0
0.94921875,0.01385498,0.03100586,0.31274414,0
0.94055176,0.01324463,0.02996826,0.33807373,0
0.93127441,0.01336670,0.02905273,0.36297607,0
0.92340088,0.01202393,0.02691650,0.38269043,0
0.91333008,0.00982666,0.02276611,0.40643311,0
0.90338135,0.00732422,0.01824951,0.42834473,0
0.89404297,0.00415039,0.01177979,0.44781494,0
0.88696289,0.00506592,0.00811768,0.46179199,0
0.87847900,0.00500488,0.00671387,0.47766113,0
0.86938477,0.00445557,0.00476074,0.49401855,0
0.86145020,0.00427246,0.00152588,0.50787354,0
0.85211182,0.00347900,-0.00085449,0.52331543,0
0.84405518,0.00408936,-0.00189209,0.53625488,0
0.83624268,0.00268555,-0.00268555,0.54833984,0
0.82940674,0.00317383,-0.00384521,0.55865479,0
0.81951904,0.00390625,-0.00488281,0.57299805,0
0.80865479,0.00274658,-0.00476074,0.58831787,0
0.79888916,0.00299072,-0.00512695,0.60144043,0
0.78625488,0.00012207,-0.00720215,0.61785889,0
0.77545166,-0.00097656,-0.00744629,0.63140869,0
0.76043701,-0.00207520,-0.00683594,0.64941406,0
0.74304199,-0.00488281,-0.00604248,0.66918945,0
0.72381592,-0.00952148,-0.00494385,0.68988037,0
0.70727539,-0.01080322,-0.00683594,0.70684814,0
0.68597412,-0.01098633,-0.00787354,0.72753906,0
0.66497803,-0.01458740,-0.00848389,0.74664307,0
0.64447021,-0.01861572,-0.00506592,0.76434326,0
0.62774658,-0.01861572,-0.00122070,0.77819824,0
0.60552979,-0.01989746,0.00170898,0.79553223,0
0.58227539,-0.01995850,0.00628662,0.81274414,0
0.56329346,-0.01965332,0.01025391,0.82592773,0
0.53936768,-0.01934814,0.01513672,0.84167480,0
0.52050781,-0.02008057,0.01947021,0.85339355,0
0.49633789,-0.02038574,0.02270508,0.86761475,0
0.47131348,-0.02044678,0.02777100,0.88128662,0
0.45147705,-0.02069092,0.02935791,0.89154053,0
0.42437744,-0.01995850,0.03247070,0.90466309,0
0.39715576,-0.01983643,0.03277588,0.91693115,0
0.37145996,-0.01934814,0.03027344,0.92773438,0
0.35229492,-0.01928711,0.02819824,0.93524170,0
0.32934570,-0.01678467,0.02569580,0.94372559,0
0.30712891,-0.01519775,0.02447510,0.95123291,0
0.28564453,-0.01617432,0.02185059,0.95794678,0
0.26818848,-0.01611328,0.02050781,0.96301270,0
0.24615479,-0.01599121,0.01824951,0.96893311,0
0.22625732,-0.01593018,0.01727295,0.97381592,0
0.21313477,-0.01623535,0.01837158,0.97668457,0
0.19921875,-0.02209473,0.00756836,0.97967529,0
0.18725586,-0.02728271,-0.00183105,0.98193359,0
0.17950439,-0.02996826,-0.00988770,0.98327637,0
0.17303467,-0.03356934,-0.01953125,0.98413086,0
0.17004395,-0.03643799,-0.02526855,0.98443604,0
0.17077637,-0.03985596,-0.03613281,0.98382568,0
0.17663574,-0.04266357,-0.04034424,0.98254395,0
0.18634033,-0.04229736,-0.04187012,0.98065186,0
0.19641113,-0.04064941,-0.04418945,0.97869873,0
0.21148682,-0.03863525,-0.04803467,0.97540283,0
0.22906494,-0.03778076,-0.05584717,0.97106934,0
0.24914551,-0.03631592,-0.05902100,0.96600342,0
0.26879883,-0.03424072,-0.05944824,0.96075439,0
0.29650879,-0.03137207,-0.05877686,0.95269775,0
0.32568359,-0.02423096,-0.05932617,0.94329834,0
0.34906006,-0.01635742,-0.05963135,0.93505859,0
0.37976074,-0.00640869,-0.05877686,0.92315674,0
0.40991211,0.00494385,-0.05712891,0.91027832,0
0.43359375,0.01373291,-0.05743408,0.89916992,0
0.46313477,0.02679443,-0.05908203,0.88391113,0
0.49353027,0.03894043,-0.06286621,0.86657715,0
0.51892090,0.04266357,-0.06463623,0.85131836,0
0.55255127,0.04620361,-0.06402588,0.82971191,0
0.58740234,0.05310059,-0.06317139,0.80511475,0
0.61932373,0.05987549,-0.06420898,0.78021240,0
0.64263916,0.06146240,-0.06646729,0.76080322,0
0.66961670,0.05871582,-0.05712891,0.73815918,0
0.69390869,0.05773926,-0.05786133,0.71539307,0
0.71392822,0.05407715,-0.05499268,0.69598389,0
0.73767090,0.05004883,-0.04534912,0.67175293,0
0.75964355,0.04656982,-0.04272461,0.64727783,0
0.78082275,0.04095459,-0.03619385,0.62237549,0
0.79699707,0.03698730,-0.03698730,0.60168457,0
0.81713867,0.03143311,-0.03137207,0.57476807,0
0.83264160,0.02801514,-0.02587891,0.55242920,0
0.85137939,0.02575684,-0.02117920,0.52349854,0
0.86914062,0.02325439,-0.01947021,0.49365234,0
0.88281250,0.02160645,-0.01654053,0.46887207,0
0.89898682,0.01879883,-0.01336670,0.43731689,0
0.91479492,0.01531982,-0.01293945,0.40338135,0
0.92681885,0.01348877,-0.01428223,0.37493896,0
0.94116211,0.01098633,-0.01336670,0.33740234,0
0.95428467,0.01043701,-0.01525879,0.29821777,0
0.96569824,0.01025391,-0.01647949,0.25891113,0
0.97320557,0.01013184,-0.01824951,0.22900391,0
0.98077393,0.00781250,-0.02325439,0.19372559,0
0.98681641,0.00500488,-0.02661133,0.15948486,0
0.99169922,0.00207520,-0.02954102,0.12530518,0
0.99481201,-0.00231934,-0.02740479,0.09765625,0
0.99749756,-0.00897217,-0.02557373,0.06530762,0
0.99871826,-0.01428223,-0.02661133,0.04022217,0
0.99945068,-0.01885986,-0.02685547,0.00836182,0
0.99902344,-0.02606201,-0.02569580,-0.02465820,0
0.99786377,-0.03027344,-0.02459717,-0.05279541,0
0.99523926,-0.03259277,-0.02398682,-0.08892822,0
0.99139404,-0.03515625,-0.02166748,-0.12445068,0
0.98657227,-0.03881836,-0.02008057,-0.15722656,0
0.98236084,-0.03961182,-0.01849365,-0.18176270,0
0.97662354,-0.03936768,-0.01831055,-0.21057129,0
0.96990967,-0.04077148,-0.01873779,-0.23931885,0
0.96258545,-0.03771973,-0.01763916,-0.26782227,0
0.95660400,-0.03619385,-0.01812744,-0.28863525,0
0.94927979,-0.03332520,-0.01855469,-0.31207275,0
0.94219971,-0.02966309,-0.01837158,-0.33319092,0
0.93505859,-0.02801514,-0.01824951,-0.35284424,0
0.92932129,-0.02697754,-0.01745605,-0.36785889,0
0.92211914,-0.02722168,-0.01464844,-0.38568115,0
0.91595459,-0.02911377,-0.01177979,-0.40002441,0
0.90740967,-0.02966309,-0.01281738,-0.41894531,0
0.89746094,-0.03125000,-0.01037598,-0.43981934,0
0.88842773,-0.03295898,-0.00982666,-0.45770264,0
0.87567139,-0.03375244,-0.00836182,-0.48162842,0
0.86138916,-0.03509521,-0.00738525,-0.50665283,0
0.84844971,-0.03234863,-0.00195312,-0.52825928,0
0.83117676,-0.02923584,0.00366211,-0.55523682,0
0.81268311,-0.02801514,0.00604248,-0.58197021,0
0.79187012,-0.02966309,0.00531006,-0.60992432,0
0.77276611,-0.02886963,0.00341797,-0.63403320,0
0.74676514,-0.02825928,0.00378418,-0.66448975,0
0.72033691,-0.02648926,0.00720215,-0.69311523,0
0.69567871,-0.02899170,0.01116943,-0.71771240,0
0.67663574,-0.03393555,0.01641846,-0.73535156,0
0.65270996,-0.03735352,0.02252197,-0.75634766,0
0.63195801,-0.03686523,0.02526855,-0.77374268,0
0.60479736,-0.03393555,0.02697754,-0.79516602,0
0.57739258,-0.03149414,0.02960205,-0.81536865,0
0.55493164,-0.03112793,0.03051758,-0.83074951,0
0.52539062,-0.03356934,0.02728271,-0.84973145,0
0.49340820,-0.03387451,0.02197266,-0.86883545,0
0.46142578,-0.03381348,0.01739502,-0.88635254,0
0.43682861,-0.03143311,0.01605225,-0.89886475,0
0.40631104,-0.03112793,0.01281738,-0.91314697,0
0.37591553,-0.03192139,0.01116943,-0.92602539,0
0.34924316,-0.03283691,0.00726318,-0.93640137,0
0.31481934,-0.03204346,0.00463867,-0.94860840,0
0.27899170,-0.02947998,0.00476074,-0.95983887,0
0.24426270,-0.02716064,0.00347900,-0.96929932,0
0.21734619,-0.03039551,-0.00048828,-0.97564697,0
0.18481445,-0.03802490,-0.00476074,-0.98205566,0
0.15155029,-0.03942871,-0.01049805,-0.98760986,0
0.12799072,-0.04455566,-0.01379395,-0.99066162,0
0.10247803,-0.05590820,-0.01580811,-0.99304199,0
0.07690430,-0.05859375,-0.01641846,-0.99517822,0
0.05596924,-0.05767822,-0.01495361,-0.99664307,0
0.02874756,-0.05426025,-0.01226807,-0.99804688,0
0.00469971,-0.05261230,-0.01104736,-0.99853516,0
-0.01330566,-0.05468750,-0.00604248,-0.99841309,0
-0.03546143,-0.05126953,-0.00769043,-0.99804688,0
-0.05590820,-0.05120850,-0.00738525,-0.99707031,0
-0.07568359,-0.04791260,-0.00903320,-0.99597168,0
-0.09008789,-0.04614258,-0.00946045,-0.99481201,0
-0.10577393,-0.04553223,-0.00946045,-0.99328613,0
-0.12005615,-0.04394531,-0.01422119,-0.99169922,0
-0.13269043,-0.04364014,-0.01904297,-0.98999023,0
-0.14147949,-0.04321289,-0.02209473,-0.98876953,0
-0.14831543,-0.04467773,-0.02392578,-0.98760986,0
-0.14953613,-0.04821777,-0.02691650,-0.98724365,0
-0.14819336,-0.05102539,-0.03350830,-0.98706055,0
-0.14410400,-0.05249023,-0.03613281,-0.98748779,0
-0.13903809,-0.05285645,-0.03900146,-0.98809814,0
-0.13018799,-0.05102539,-0.04187012,-0.98925781,0
-0.11761475,-0.04864502,-0.04107666,-0.99102783,0
-0.09991455,-0.04565430,-0.03887939,-0.99316406,0
-0.08331299,-0.04241943,-0.03680420,-0.99493408,0
-0.05950928,-0.03851318,-0.03314209,-0.99694824,0
-0.03283691,-0.04003906,-0.02929688,-0.99822998,0
-0.00494385,-0.03881836,-0.02770996,-0.99884033,0
0.01702881,-0.04022217,-0.02520752,-0.99871826,0
0.04412842,-0.03723145,-0.02734375,-0.99798584,0
0.07037354,-0.03820801,-0.02746582,-0.99639893,0
0.09735107,-0.03973389,-0.02990723,-0.99401855,0
0.11785889,-0.03369141,-0.02801514,-0.99206543,0
0.14324951,-0.02709961,-0.02703857,-0.98895264,0
0.17004395,-0.02008057,-0.02496338,-0.98492432,0
0.19183350,-0.01898193,-0.02386475,-0.98095703,0
0.21795654,-0.02020264,-0.02416992,-0.97546387,0
0.23822021,-0.01892090,-0.02490234,-0.97070312,0
0.26348877,-0.02252197,-0.02368164,-0.96411133,0
0.28912354,-0.02203369,-0.02410889,-0.95672607,0
0.31475830,-0.02313232,-0.02252197,-0.94860840,0
0.33624268,-0.02062988,-0.02044678,-0.94134521,0
0.36334229,-0.01715088,-0.01763916,-0.93133545,0
0.39141846,-0.01446533,-0.01739502,-0.91992188,0
0.42065430,-0.01196289,-0.01574707,-0.90704346,0
0.44384766,-0.00836182,-0.01324463,-0.89593506,0
0.47460938,-0.00640869,-0.01123047,-0.88012695,0
0.50659180,-0.00408936,-0.01000977,-0.86212158,0
0.53161621,-0.00213623,-0.00860596,-0.84692383,0
0.56152344,0.00231934,-0.00579834,-0.82739258,0
0.59106445,0.00524902,-0.00274658,-0.80664062,0
0.61431885,0.00781250,-0.00128174,-0.78906250,0
0.64215088,0.00952148,0.00305176,-0.76647949,0
0.66912842,0.01092529,0.00708008,-0.74304199,0
0.69024658,0.01184082,0.00994873,-0.72338867,0
0.71557617,0.01257324,0.01239014,-0.69830322,0
0.73986816,0.01507568,0.01440430,-0.67242432,0
0.75823975,0.01617432,0.01739502,-0.65155029,0
0.77893066,0.01959229,0.02276611,-0.62640381,0
0.79876709,0.02282715,0.02410889,-0.60070801,0
0.81811523,0.02386475,0.02478027,-0.57397461,0
0.83312988,0.02551270,0.02587891,-0.55187988,0
0.85076904,0.02764893,0.02819824,-0.52404785,0
0.86682129,0.03118896,0.03192139,-0.49664307,0
0.88214111,0.03216553,0.03344727,-0.46868896,0
0.89373779,0.03387451,0.03564453,-0.44580078,0
0.90765381,0.03393555,0.03826904,-0.41656494,0
0.91796875,0.03369141,0.04010010,-0.39312744,0
0.92974854,0.03424072,0.04266357,-0.36413574,0
0.94030762,0.03344727,0.04559326,-0.33563232,0
0.94793701,0.03308105,0.04779053,-0.31317139,0
0.95678711,0.03332520,0.04907227,-0.28472900,0
0.96490479,0.03039551,0.04937744,-0.25604248,0
0.97198486,0.02880859,0.04925537,-0.22814941,0
0.97637939,0.02838135,0.04956055,-0.20837402,0
0.98077393,0.02227783,0.05297852,-0.18646240,0
0.98437500,0.01690674,0.05749512,-0.16564941,0
0.98712158,0.01495361,0.05871582,-0.14813232,0
0.99041748,0.01104736,0.05761719,-0.12512207,0
0.99310303,0.00952148,0.05444336,-0.10345459,0
0.99493408,0.00543213,0.05255127,-0.08551025,0
0.99621582,0.00646973,0.04968262,-0.07122803,0
0.99761963,0.00836182,0.04577637,-0.05090332,0
0.99847412,0.00872803,0.04608154,-0.02941895,0
0.99884033,0.00994873,0.04583740,-0.01141357,0
0.99896240,0.00836182,0.04290771,0.01251221,0
0.99853516,0.00531006,0.04034424,0.03601074,0
0.99780273,0.00042725,0.03765869,0.05493164,0
0.99621582,-0.00561523,0.03570557,0.07891846,0
0.99395752,-0.00927734,0.03472900,0.10394287,0
0.99151611,-0.01062012,0.03491211,0.12469482,0
0.98767090,-0.01147461,0.03625488,0.15173340,0
0.98278809,-0.01495361,0.03747559,0.18041992,0
0.97698975,-0.01770020,0.04290771,0.20806885,0
0.97180176,-0.01861572,0.04534912,0.23052979,0
0.96478271,-0.01849365,0.04736328,0.25799561,0
0.95703125,-0.01898193,0.04962158,0.28497314,0
0.94848633,-0.02044678,0.05145264,0.31188965,0
0.94140625,-0.02117920,0.05267334,0.33239746,0
0.93261719,-0.02001953,0.05340576,0.35632324,0
0.92541504,-0.01904297,0.05419922,0.37463379,0
0.91613770,-0.01715088,0.05572510,0.39660645,0
0.90600586,-0.01593018,0.05633545,0.41912842,0
0.89770508,-0.01513672,0.05523682,0.43688965,0
0.88690186,-0.01525879,0.05364990,0.45855713,0
0.87554932,-0.01440430,0.04882812,0.48046875,0
0.86407471,-0.01245117,0.04412842,0.50128174,0
0.85546875,-0.01232910,0.04406738,0.51586914,0
0.84454346,-0.01348877,0.04290771,0.53356934,0
0.83239746,-0.01464844,0.04180908,0.55236816,0
0.82171631,-0.01391602,0.03771973,0.56848145,0
0.80755615,-0.01184082,0.03234863,0.58880615,0
0.79431152,-0.00988770,0.03070068,0.60668945,0
0.78131104,-0.00775146,0.03143311,0.62329102,0
0.76947021,-0.00537109,0.03198242,0.63781738,0
0.75299072,-0.00500488,0.03167725,0.65728760,0
0.73547363,-0.00732422,0.03045654,0.67687988,0
0.72094727,-0.00927734,0.03100586,0.69219971,0
0.70190430,-0.00976562,0.03265381,0.71142578,0
0.68115234,-0.01092529,0.03112793,0.73144531,0
0.66381836,-0.01257324,0.02941895,0.74725342,0
0.64123535,-0.01470947,0.02722168,0.76672363,0
0.61737061,-0.01562500,0.02465820,0.78613281,0
0.59197998,-0.01568604,0.02178955,0.80548096,0
0.57012939,-0.01470947,0.02020264,0.82116699,0
0.54083252,-0.01165771,0.01733398,0.84088135,0
0.51141357,-0.00732422,0.01739502,0.85913086,0
0.48760986,-0.00634766,0.01684570,0.87286377,0
0.45782471,-0.00701904,0.01562500,0.88885498,0
0.42877197,-0.00964355,0.01641846,0.90319824,0
0.39874268,-0.01000977,0.01574707,0.91687012,0
0.37469482,-0.00799561,0.01831055,0.92694092,0
0.34521484,-0.00781250,0.02276611,0.93823242,0
0.32171631,-0.00769043,0.02575684,0.94647217,0
0.29241943,-0.01147461,0.02447510,0.95593262,0
0.26330566,-0.01708984,0.02221680,0.96429443,0
0.24041748,-0.01989746,0.02288818,0.97021484,0
0.21246338,-0.02233887,0.02551270,0.97656250,0
0.18493652,-0.02392578,0.02801514,0.98205566,0
0.16326904,-0.02636719,0.03179932,0.98571777,0
0.13598633,-0.03198242,0.03564453,0.98956299,0
0.10778809,-0.03393555,0.03948975,0.99279785,0
0.07983398,-0.03619385,0.04400635,0.99517822,0
0.05676270,-0.03662109,0.04760742,0.99658203,0
0.02770996,-0.03820801,0.05267334,0.99749756,0
-0.00091553,-0.04064941,0.05731201,0.99749756,0
-0.02966309,-0.04028320,0.05908203,0.99700928,0
-0.05212402,-0.03875732,0.05877686,0.99615479,0
-0.08087158,-0.03851318,0.06158447,0.99407959,0
-0.10473633,-0.03875732,0.06213379,0.99182129,0
-0.13348389,-0.03778076,0.06207275,0.98840332,0
-0.15881348,-0.03747559,0.06378174,0.98455811,0
-0.17547607,-0.03668213,0.06140137,0.98187256,0
-0.19061279,-0.03723145,0.06317139,0.97894287,0
-0.20111084,-0.03613281,0.05816650,0.97717285,0
-0.20880127,-0.03308105,0.05230713,0.97601318,0
-0.21197510,-0.03015137,0.04565430,0.97576904,0
-0.21221924,-0.02862549,0.04077148,0.97595215,0
-0.20825195,-0.02764893,0.03363037,0.97711182,0
-0.20245361,-0.02777100,0.03356934,0.97833252,0
-0.19244385,-0.02575684,0.03143311,0.98046875,0
-0.17907715,-0.02404785,0.02349854,0.98327637,0
-0.16180420,-0.02301025,0.01782227,0.98638916,0
-0.14685059,-0.02111816,0.01440430,0.98883057,0
-0.12536621,-0.01794434,0.00897217,0.99188232,0
-0.10620117,-0.01586914,0.00616455,0.99420166,0
-0.08044434,-0.01354980,0.00402832,0.99664307,0
-0.05419922,-0.00988770,0.00225830,0.99847412,0
-0.03216553,-0.00695801,-0.00012207,0.99945068,0
-0.00219727,-0.00366211,-0.00213623,1.00000000,0
0.03088379,0.00048828,-0.00537109,0.99951172,0
0.06457520,0.00610352,-0.00598145,0.99786377,0
0.09271240,0.01019287,-0.00561523,0.99560547,0
0.12951660,0.01593018,-0.00646973,0.99145508,0
0.16711426,0.01428223,-0.00665283,0.98583984,0
0.19793701,0.01519775,-0.00891113,0.98004150,0
0.23608398,0.01654053,-0.01416016,0.97149658,0
0.27484131,0.01507568,-0.01629639,0.96124268,0
0.31384277,0.01513672,-0.01770020,0.94921875,0
0.34442139,0.01495361,-0.01763916,0.93853760,0
0.38037109,0.01647949,-0.02172852,0.92443848,0
0.40759277,0.01739502,-0.02545166,0.91265869,0
0.44219971,0.01751709,-0.03063965,0.89624023,0
0.47851562,0.01690674,-0.03375244,0.87725830,0
0.50836182,0.01477051,-0.03479004,0.86029053,0
0.54791260,0.01275635,-0.03643799,0.83563232,0
0.58618164,0.01177979,-0.03521729,0.80932617,0
0.62139893,0.01538086,-0.03411865,0.78259277,0
0.64611816,0.02050781,-0.03741455,0.76202393,0
0.67547607,0.02459717,-0.04516602,0.73559570,0
0.70501709,0.02459717,-0.04968262,0.70703125,0
0.73425293,0.02215576,-0.05297852,0.67645264,0
0.75646973,0.02099609,-0.05389404,0.65148926,0
0.78253174,0.01831055,-0.05120850,0.62017822,0
0.80596924,0.01605225,-0.05035400,0.58953857,0
0.82232666,0.01251221,-0.05029297,0.56658936,0
0.84063721,0.00744629,-0.04772949,0.53948975,0
0.85748291,0.00610352,-0.04431152,0.51251221,0
0.87017822,0.00518799,-0.03955078,0.49114990,0
0.88488770,0.00421143,-0.03442383,0.46447754,0
0.89544678,0.00256348,-0.03198242,0.44396973,0
0.90771484,0.00189209,-0.03106689,0.41839600,0
0.91925049,0.00256348,-0.02911377,0.39257812,0
0.92962646,-0.00012207,-0.02606201,0.36749268,0
0.93713379,-0.00268555,-0.02368164,0.34826660,0
0.94519043,-0.00390625,-0.02166748,0.32574463,0
0.95239258,-0.00378418,-0.01892090,0.30419922,0
0.95843506,-0.00115967,-0.01696777,0.28485107,0
0.96234131,-0.00042725,-0.01507568,0.27154541,0
0.96643066,0.00140381,-0.01538086,0.25634766,0
0.97045898,0.00469971,-0.01672363,0.24053955,0
0.97430420,0.00689697,-0.01910400,0.22442627,0
0.97698975,0.00903320,-0.01873779,0.21215820,0
0.98016357,0.00885010,-0.01531982,0.19738770,0
0.98229980,0.00958252,-0.01409912,0.18664551,0
0.98468018,0.00738525,-0.01092529,0.17370605,0
0.98706055,0.00665283,-0.00726318,0.16015625,0
0.98901367,0.00396729,-0.00421143,0.14764404,0
0.99157715,0.00048828,-0.00030518,0.12957764,0
0.99389648,0.00018311,0.00054932,0.11047363,0
0.99554443,-0.00067139,-0.00054932,0.09423828,0
0.99731445,-0.00024414,-0.00140381,0.07330322,0
0.99865723,-0.00286865,-0.00231934,0.05218506,0
0.99957275,-0.00280762,-0.00115967,0.03002930,0
0.99993896,-0.00079346,0.00213623,0.01190186,0
0.99993896,0.00024414,0.00177002,-0.01037598,0
0.99945068,0.00006104,0.00134277,-0.03369141,0
0.99829102,-0.00036621,0.00390625,-0.05810547,0
0.99694824,-0.00146484,0.00640869,-0.07806396,0
0.99468994,-0.00323486,0.00964355,-0.10253906,0
0.99243164,-0.00653076,0.01190186,-0.12200928,0
0.98895264,-0.01092529,0.01403809,-0.14733887,0
0.98431396,-0.01257324,0.01800537,-0.17498779,0
0.98022461,-0.01464844,0.01867676,-0.19659424,0
0.97473145,-0.01885986,0.01647949,-0.22192383,0
0.96826172,-0.02130127,0.01605225,-0.24859619,0
0.96118164,-0.02160645,0.01629639,-0.27465820,0
0.95538330,-0.02270508,0.01538086,-0.29406738,0
0.94842529,-0.02612305,0.01513672,-0.31549072,0
0.94165039,-0.03021240,0.01739502,-0.33483887,0
0.93450928,-0.03350830,0.02215576,-0.35369873,0
0.92816162,-0.03405762,0.02526855,-0.36975098,0
0.91967773,-0.03503418,0.02886963,-0.39001465,0
0.91119385,-0.03674316,0.03070068,-0.40924072,0
0.90270996,-0.03924561,0.03228760,-0.42724609,0
0.89550781,-0.03979492,0.03228760,-0.44207764,0
0.88568115,-0.04083252,0.03021240,-0.46148682,0
0.87768555,-0.04010010,0.02716064,-0.47674561,0
0.86743164,-0.04003906,0.02325439,-0.49536133,0
0.85711670,-0.04046631,0.02032471,-0.51312256,0
0.84893799,-0.04016113,0.01800537,-0.52667236,0
0.83862305,-0.04040527,0.01513672,-0.54302979,0
0.82836914,-0.04028320,0.01391602,-0.55859375,0
0.81768799,-0.03942871,0.01568604,-0.57403564,0
0.80883789,-0.03839111,0.01605225,-0.58654785,0
0.79724121,-0.03674316,0.01440430,-0.60235596,0
0.78509521,-0.03326416,0.01416016,-0.61834717,0
0.77532959,-0.03106689,0.01440430,-0.63061523,0
0.76336670,-0.02844238,0.01416016,-0.64514160,0
0.75146484,-0.02435303,0.01416016,-0.65917969,0
0.73980713,-0.02203369,0.01379395,-0.67230225,0
0.73040771,-0.02001953,0.01306152,-0.68255615,0
0.71820068,-0.01861572,0.01208496,-0.69549561,0
0.70782471,-0.01818848,0.01153564,-0.70605469,0
0.69378662,-0.01727295,0.01202393,-0.71984863,0
0.67864990,-0.01605225,0.01232910,-0.73419189,0
0.66571045,-0.01525879,0.01373291,-0.74597168,0
0.64904785,-0.01507568,0.01580811,-0.76043701,0
0.63104248,-0.01483154,0.01690674,-0.77539062,0
0.61224365,-0.01501465,0.01934814,-0.79028320,0
0.59674072,-0.01470947,0.02160645,-0.80200195,0
0.57635498,-0.01440430,0.02410889,-0.81671143,0
0.55468750,-0.01495361,0.02636719,-0.83148193,0
0.53735352,-0.01562500,0.02832031,-0.84271240,0
0.51574707,-0.01361084,0.02947998,-0.85614014,0
0.49359131,-0.01025391,0.03045654,-0.86907959,0
0.47052002,-0.00701904,0.03118896,-0.88183594,0
0.45111084,-0.00762939,0.03210449,-0.89184570,0
0.42547607,-0.00744629,0.03173828,-0.90441895,0
0.40411377,-0.00311279,0.03265381,-0.91412354,0
0.37683105,-0.00036621,0.03399658,-0.92565918,0
0.35064697,0.00115967,0.03771973,-0.93572998,0
0.33160400,-0.00073242,0.04425049,-0.94238281,0
0.30761719,-0.00372314,0.05407715,-0.94995117,0
0.28100586,-0.00177002,0.06304932,-0.95764160,0
0.25317383,0.00079346,0.07073975,-0.96484375,0
0.23052979,0.00360107,0.07495117,-0.97015381,0
0.20227051,0.00585938,0.07788086,-0.97619629,0
0.17480469,0.00933838,0.08001709,-0.98132324,0
0.14807129,0.01214600,0.08050537,-0.98559570,0
0.12915039,0.01074219,0.08062744,-0.98828125,0
0.10772705,0.00732422,0.07958984,-0.99096680,0
0.08898926,0.00616455,0.07623291,-0.99310303,0
0.07904053,0.00604248,0.07507324,-0.99401855,0
0.07299805,0.00555420,0.07659912,-0.99438477,0
0.07159424,0.00677490,0.07342529,-0.99468994,0
0.07391357,0.00817871,0.07287598,-0.99456787,0
0.08123779,0.00683594,0.06646729,-0.99444580,0
0.09338379,0.00262451,0.05731201,-0.99395752,0
0.10552979,-0.00042725,0.05517578,-0.99285889,0
0.12396240,-0.00262451,0.05230713,-0.99090576,0
0.14715576,-0.00262451,0.04583740,-0.98803711,0
0.16857910,-0.00329590,0.04217529,-0.98480225,0
0.19677734,-0.00598145,0.04125977,-0.97955322,0
0.22497559,-0.00769043,0.03771973,-0.97363281,0
0.25433350,-0.00939941,0.03448486,-0.96649170,0
0.27978516,-0.00952148,0.03015137,-0.95953369,0
0.31280518,-0.01116943,0.02752686,-0.94934082,0
0.34588623,-0.01281738,0.02496338,-0.93786621,0
0.37878418,-0.01251221,0.02093506,-0.92517090,0
0.40594482,-0.01251221,0.01739502,-0.91363525,0
0.44097900,-0.01409912,0.01458740,-0.89727783,0
0.47009277,-0.01263428,0.01293945,-0.88244629,0
0.50854492,-0.01177979,0.01361084,-0.86083984,0
0.54595947,-0.00610352,0.01702881,-0.83764648,0
0.57513428,0.00012207,0.01757812,-0.81787109,0
0.61175537,0.00018311,0.01495361,-0.79089355,0
0.64453125,0.00036621,0.01147461,-0.76446533,0
0.67456055,0.00317383,0.00933838,-0.73815918,0
0.69598389,0.00592041,0.00872803,-0.71795654,0
0.72058105,0.01086426,0.00744629,-0.69323730,0
0.74377441,0.01617432,0.00561523,-0.66821289,0
0.76104736,0.01922607,0.00457764,-0.64837646,0
0.78210449,0.02606201,0.00445557,-0.62255859,0
0.80316162,0.03363037,0.00292969,-0.59478760,0
0.81982422,0.03900146,0.00274658,-0.57128906,0
0.83996582,0.04595947,0.00335693,-0.54064941,0
0.85955811,0.04693604,0.00476074,-0.50878906,0
0.87420654,0.04815674,0.00500488,-0.48315430,0
0.89080811,0.05017090,0.00402832,-0.45153809,0
0.90563965,0.05078125,0.00549316,-0.42102051,0
0.91601562,0.05096436,0.00531006,-0.39782715,0
0.92749023,0.04827881,0.00799561,-0.37066650,0
0.93731689,0.04455566,0.01037598,-0.34552002,0
0.94415283,0.03918457,0.01269531,-0.32696533,0
0.95159912,0.03356934,0.01495361,-0.30511475,0
0.95751953,0.02838135,0.01806641,-0.28649902,0
0.96264648,0.02593994,0.02142334,-0.26873779,0
0.96716309,0.02325439,0.02050781,-0.25225830,0
0.97259521,0.01593018,0.01824951,-0.23132324,0
0.97711182,0.01177979,0.01696777,-0.21166992,0
0.98022461,0.00836182,0.01684570,-0.19689941,0
0.98382568,0.00927734,0.01837158,-0.17803955,0
0.98712158,0.00689697,0.01885986,-0.15856934,0
0.98980713,0.00653076,0.01757812,-0.14135742,0
0.99255371,0.00592041,0.01800537,-0.12023926,0
0.99481201,0.00537109,0.02050781,-0.09924316,0
0.99652100,0.00585938,0.02148438,-0.08062744,0
0.99829102,0.00579834,0.02032471,-0.05480957,0
0.99938965,0.00531006,0.01947021,-0.02813721,0
0.99975586,0.00506592,0.02099609,-0.00805664,0
0.99951172,0.00537109,0.02337646,0.01885986,0
0.99853516,0.00457764,0.02355957,0.04815674,0
0.99664307,0.00408936,0.02416992,0.07836914,0
0.99450684,0.00463867,0.02447510,0.10150146,0
0.99127197,0.00579834,0.02716064,0.12872314,0
0.98712158,0.00891113,0.03094482,0.15655518,0
0.98175049,0.00921631,0.03320312,0.18688965,0
0.97631836,0.00921631,0.03503418,0.21331787,0
0.96795654,0.00671387,0.03704834,0.24835205,0
0.96069336,0.00555420,0.04162598,0.27441406,0
0.95080566,0.00720215,0.04473877,0.30651855,0
0.94055176,0.01110840,0.04479980,0.33648682,0
0.93194580,0.01416016,0.04711914,0.35931396,0
0.91998291,0.01715088,0.04925537,0.38842773,0
0.90728760,0.01794434,0.05200195,0.41693115,0
0.89447021,0.02014160,0.05523682,0.44323730,0
0.88409424,0.02166748,0.05767822,0.46325684,0
0.87145996,0.02221680,0.06176758,0.48608398,0
0.85760498,0.02465820,0.06701660,0.50933838,0
0.84558105,0.02502441,0.06762695,0.52899170,0
0.82946777,0.02447510,0.06707764,0.55401611,0
0.81414795,0.02349854,0.06451416,0.57659912,0
0.80072021,0.02069092,0.06109619,0.59558105,0
0.79064941,0.02154541,0.06127930,0.60876465,0
0.77807617,0.02117920,0.05816650,0.62512207,0
0.76763916,0.02130127,0.05548096,0.63806152,0
0.75585938,0.01629639,0.04901123,0.65264893,0
0.74444580,0.01342773,0.04339600,0.66613770,0
0.73455811,0.01361084,0.04431152,0.67700195,0
0.72119141,0.01110840,0.04315186,0.69128418,0
0.70544434,0.00976562,0.03717041,0.70770264,0
0.68853760,0.00854492,0.03424072,0.72430420,0
0.67565918,0.00616455,0.03442383,0.73638916,0
0.65985107,0.00329590,0.03576660,0.75054932,0
0.64282227,0.00018311,0.03601074,0.76513672,0
0.62860107,0.00054932,0.03594971,0.77685547,0
0.61108398,-0.00097656,0.03839111,0.79064941,0
0.59326172,-0.00280762,0.04071045,0.80395508,0
0.57653809,-0.00897217,0.03698730,0.81616211,0
0.56311035,-0.01403809,0.03381348,0.82556152,0
0.54589844,-0.01885986,0.03039551,0.83709717,0
0.52880859,-0.02380371,0.02648926,0.84796143,0
0.51562500,-0.02783203,0.02392578,0.85601807,0
0.49877930,-0.02984619,0.02258301,0.86590576,0
0.48553467,-0.03051758,0.02178955,0.87341309,0
0.46862793,-0.02996826,0.02752686,0.88244629,0
0.45654297,-0.02832031,0.03131104,0.88867188,0
0.45141602,-0.02947998,0.02453613,0.89147949,0
0.44958496,-0.02899170,0.02239990,0.89245605,0
0.44976807,-0.02886963,0.01385498,0.89257812,0
0.45300293,-0.02923584,0.00512695,0.89099121,0
0.46032715,-0.03118896,-0.00311279,0.88720703,0
0.46838379,-0.03137207,-0.00793457,0.88293457,0
0.48065186,-0.03082275,-0.01214600,0.87628174,0
0.49487305,-0.02978516,-0.01727295,0.86828613,0
0.50854492,-0.03021240,-0.02056885,0.86022949,0
0.52886963,-0.02825928,-0.02490234,0.84783936,0
0.54632568,-0.03015137,-0.02716064,0.83660889,0
0.57110596,-0.03125000,-0.02935791,0.81976318,0
0.59753418,-0.02709961,-0.03204346,0.80078125,0
0.61859131,-0.02416992,-0.03375244,0.78460693,0
0.64428711,-0.02160645,-0.03497314,0.76367188,0
0.66925049,-0.01770020,-0.03558350,0.74200439,0
0.69311523,-0.01245117,-0.03784180,0.71972656,0
0.71136475,-0.00903320,-0.04046631,0.70159912,0
0.73364258,-0.00964355,-0.04565430,0.67791748,0
0.75500488,-0.01037598,-0.04663086,0.65393066,0
0.77575684,-0.00762939,-0.04534912,0.62933350,0
0.79119873,-0.00457764,-0.04809570,0.60968018,0
0.81048584,-0.00341797,-0.04608154,0.58398438,0
0.82855225,-0.00323486,-0.04681396,0.55798340,0
0.84588623,-0.00378418,-0.04956055,0.53106689,0
0.85888672,-0.00592041,-0.05181885,0.50952148,0
0.87670898,-0.00567627,-0.04541016,0.47882080,0
0.89056396,-0.00311279,-0.04174805,0.45294189,0
0.90533447,0.00225830,-0.04296875,0.42248535,0
0.91802979,0.00866699,-0.04431152,0.39398193,0
0.92663574,0.01342773,-0.04650879,0.37286377,0
0.93670654,0.01983643,-0.04168701,0.34698486,0
0.94610596,0.02429199,-0.03527832,0.32098389,0
0.95465088,0.02642822,-0.02886963,0.29522705,0
0.96069336,0.02685547,-0.03259277,0.27435303,0
0.96795654,0.02697754,-0.03448486,0.24731445,0
0.97521973,0.02301025,-0.02990723,0.21795654,0
0.98077393,0.02038574,-0.02416992,0.19250488,0
0.98681641,0.01708984,-0.02282715,0.15911865,0
0.99218750,0.01593018,-0.02056885,0.12213135,0
0.99609375,0.01574707,-0.01873779,0.08477783,0
0.99816895,0.01434326,-0.01788330,0.05541992,0
0.99963379,0.01501465,-0.01416016,0.01867676,0
0.99963379,0.01501465,-0.01330566,-0.01715088,0
0.99884033,0.01580811,-0.00933838,-0.04479980,0
0.99694824,0.01483154,-0.00903320,-0.07641602,0
0.99481201,0.01263428,-0.01080322,-0.10028076,0
0.99151611,0.00744629,-0.01202393,-0.12902832,0
0.98736572,0.00537109,-0.01214600,-0.15771484,0
0.98242188,0.00256348,-0.00494385,-0.18664551,0
0.97790527,0.00140381,-0.00085449,-0.20916748,0
0.97186279,-0.00073242,0.00408936,-0.23541260,0
0.96533203,-0.00396729,0.00610352,-0.26086426,0
0.95770264,-0.00708008,0.01019287,-0.28741455,0
0.95074463,-0.00708008,0.01141357,-0.30975342,0
0.94128418,-0.00756836,0.01220703,-0.33734131,0
0.93090820,-0.00750732,0.01135254,-0.36499023,0
0.92199707,-0.00653076,0.00933838,-0.38708496,0
0.91003418,-0.00604248,0.00842285,-0.41442871,0
0.90014648,-0.00567627,0.00799561,-0.43542480,0
0.88739014,-0.00433350,0.00726318,-0.46093750,0
0.87408447,-0.00219727,0.00793457,-0.48571777,0
0.86322021,-0.00054932,0.00811768,-0.50476074,0
0.84924316,0.00213623,0.00799561,-0.52795410,0
0.83483887,0.00408936,0.00830078,-0.55041504,0
0.82135010,0.00634766,0.00756836,-0.57031250,0
0.81146240,0.00854492,0.00787354,-0.58435059,0
0.79962158,0.00823975,0.00787354,-0.60040283,0
0.78723145,0.01147461,0.00482178,-0.61651611,0
0.77380371,0.01251221,0.00231934,-0.63330078,0
0.76300049,0.01245117,0.00030518,-0.64630127,0
0.75000000,0.01141357,0.00048828,-0.66137695,0
0.73614502,0.01269531,0.00079346,-0.67669678,0
0.72521973,0.01336670,0.00262451,-0.68835449,0
0.71136475,0.01318359,0.00561523,-0.70269775,0
0.69744873,0.01550293,0.00811768,-0.71643066,0
0.68664551,0.01617432,0.00830078,-0.72674561,0
0.67401123,0.01574707,0.00891113,-0.73846436,0
0.66241455,0.01446533,0.00799561,-0.74896240,0
0.65307617,0.01098633,0.00701904,-0.75720215,0
0.63989258,0.01043701,0.00939941,-0.76831055,0
0.62365723,0.01196289,0.01373291,-0.78149414,0
0.60681152,0.01226807,0.01812744,-0.79455566,0
0.59283447,0.01275635,0.02020264,-0.80499268,0
0.57537842,0.01135254,0.02093506,-0.81756592,0
0.55712891,0.01141357,0.02001953,-0.83013916,0
0.54315186,0.00830078,0.02148438,-0.83929443,0
0.52630615,0.00842285,0.02349854,-0.84991455,0
0.51049805,0.01110840,0.03045654,-0.85925293,0
0.49853516,0.01147461,0.03735352,-0.86602783,0
0.49169922,0.01275635,0.04565430,-0.86944580,0
0.48406982,0.01635742,0.05114746,-0.87341309,0
0.47888184,0.01879883,0.05010986,-0.87622070,0
0.47692871,0.01867676,0.04718018,-0.87750244,0
0.47741699,0.01782227,0.04101562,-0.87750244,0
0.48114014,0.01623535,0.03540039,-0.87579346,0
0.48516846,0.01483154,0.03240967,-0.87371826,0
0.49328613,0.01403809,0.03082275,-0.86920166,0
0.50213623,0.01409912,0.02923584,-0.86419678,0
0.51525879,0.01660156,0.02636719,-0.85650635,0
0.52813721,0.01501465,0.02746582,-0.84857178,0
0.54461670,0.01495361,0.02410889,-0.83819580,0
0.56170654,0.01483154,0.02258301,-0.82690430,0
0.57604980,0.01519775,0.02221680,-0.81695557,0
0.59472656,0.01489258,0.02087402,-0.80352783,0
0.61187744,0.01580811,0.02087402,-0.79052734,0
0.62579346,0.01837158,0.02020264,-0.77954102,0
0.64501953,0.01922607,0.02075195,-0.76367188,0
0.66638184,0.01910400,0.02160645,-0.74505615,0
0.68377686,0.01733398,0.02301025,-0.72912598,0
0.70434570,0.01763916,0.02453613,-0.70922852,0
0.72381592,0.01715088,0.02514648,-0.68933105,0
0.73809814,0.01824951,0.02801514,-0.67382812,0
0.75573730,0.02020264,0.03295898,-0.65368652,0
0.77520752,0.02026367,0.03533936,-0.63037109,0
0.79150391,0.02014160,0.03698730,-0.60974121,0
0.81286621,0.02093506,0.03820801,-0.58087158,0
0.83465576,0.02209473,0.04077148,-0.54876709,0
0.85650635,0.02270508,0.04180908,-0.51397705,0
0.87402344,0.02355957,0.04132080,-0.48352051,0
0.89459229,0.02545166,0.03967285,-0.44445801,0
0.91375732,0.02777100,0.03796387,-0.40344238,0
0.93151855,0.02862549,0.03723145,-0.36071777,0
0.94409180,0.03289795,0.03845215,-0.32574463,0
0.95880127,0.03479004,0.03991699,-0.27911377,0
0.96875000,0.03710938,0.04071045,-0.24176025,0
0.97912598,0.03808594,0.04217529,-0.19525146,0
0.98718262,0.03717041,0.04107666,-0.14978027,0
0.99169922,0.03662109,0.04107666,-0.11596680,0
0.99572754,0.03576660,0.04150391,-0.07403564,0
0.99810791,0.03350830,0.04089355,-0.03173828,0
0.99871826,0.02770996,0.04046631,0.01000977,0
0.99804688,0.02319336,0.04156494,0.04089355,0
0.99609375,0.01861572,0.04266357,0.07519531,0
0.99322510,0.01348877,0.04626465,0.10552979,0
0.99029541,0.01275635,0.04754639,0.13012695,0
0.98583984,0.00994873,0.04724121,0.16070557,0
0.98034668,0.00927734,0.05175781,0.19006348,0
0.97479248,0.00555420,0.05023193,0.21740723,0
0.97045898,0.00634766,0.05017090,0.23590088,0
0.96496582,0.00512695,0.05041504,0.25738525,0
0.96014404,0.00128174,0.05029297,0.27490234,0
0.95306396,-0.00195312,0.05096436,0.29833984,0
0.94421387,-0.00805664,0.04858398,0.32556152,0
0.93646240,-0.01129150,0.04583740,0.34753418,0
0.92681885,-0.01324463,0.04364014,0.37274170,0
0.91619873,-0.01373291,0.04125977,0.39831543,0
0.90472412,-0.01239014,0.03967285,0.42401123,0
0.89483643,-0.01293945,0.04193115,0.44427490,0
0.88085938,-0.01269531,0.04394531,0.47119141,0
0.86547852,-0.01293945,0.04730225,0.49847412,0
0.84869385,-0.01208496,0.04852295,0.52655029,0
0.83428955,-0.01531982,0.04620361,0.54919434,0
0.81475830,-0.02020264,0.04266357,0.57781982,0
0.79315186,-0.02557373,0.03576660,0.60742188,0
0.77545166,-0.02722168,0.03594971,0.62976074,0
0.75469971,-0.02685547,0.03729248,0.65447998,0
0.73803711,-0.02539062,0.03637695,0.67333984,0
0.71746826,-0.02526855,0.03558350,0.69519043,0
0.69610596,-0.02532959,0.03710938,0.71649170,0
0.67797852,-0.02539062,0.04040527,0.73352051,0
0.65679932,-0.02752686,0.04107666,0.75244141,0
0.63586426,-0.03045654,0.04449463,0.76989746,0
0.61425781,-0.03265381,0.05035400,0.78686523,0
0.59619141,-0.03234863,0.05322266,0.80041504,0
0.57171631,-0.03253174,0.05548096,0.81793213,0
0.54620361,-0.03149414,0.05755615,0.83508301,0
0.52789307,-0.03179932,0.05499268,0.84692383,0
0.50463867,-0.02874756,0.05621338,0.86102295,0
0.47906494,-0.02325439,0.05639648,0.87567139,0
0.45391846,-0.02111816,0.05517578,0.88909912,0
0.43188477,-0.02087402,0.05389404,0.90008545,0
0.40368652,-0.02343750,0.05102539,0.91314697,0
0.37335205,-0.02551270,0.04919434,0.92602539,0
0.34625244,-0.02099609,0.04937744,0.93658447,0
0.31646729,-0.01770020,0.04895020,0.94714355,0
0.29626465,-0.01922607,0.04644775,0.95379639,0
0.27185059,-0.02191162,0.04632568,0.96099854,0
0.25036621,-0.02563477,0.04425049,0.96679688,0
0.23114014,-0.03033447,0.04290771,0.97149658,0
0.21868896,-0.03222656,0.04388428,0.97430420,0
0.20886230,-0.03881836,0.03234863,0.97662354,0
0.20281982,-0.03967285,0.03698730,0.97772217,0
0.19738770,-0.04089355,0.03778076,0.97875977,0
0.19555664,-0.04150391,0.03735352,0.97912598,0
0.19793701,-0.04315186,0.03784180,0.97851562,0
0.20562744,-0.04522705,0.03320312,0.97698975,0
0.21411133,-0.04705811,0.02600098,0.97534180,0
0.22949219,-0.04888916,0.01666260,0.97192383,0
0.24835205,-0.04791260,0.00988770,0.96740723,0
0.26757812,-0.04351807,0.01208496,0.96246338,0
0.29412842,-0.03686523,0.01196289,0.95495605,0
0.31719971,-0.03198242,0.01110840,0.94775391,0
0.34686279,-0.02526855,0.01196289,0.93750000,0
0.37677002,-0.02081299,0.01171875,0.92596436,0
0.40954590,-0.01635742,0.01055908,0.91204834,0
0.43646240,-0.01049805,0.01287842,0.89959717,0
0.46820068,-0.00329590,0.01287842,0.88354492,0
0.50061035,0.00311279,0.01367188,0.86553955,0
0.53222656,0.00933838,0.01373291,0.84643555,0
0.55645752,0.01397705,0.01617432,0.83056641,0
0.58453369,0.01904297,0.01971436,0.81091309,0
0.61108398,0.02478027,0.01849365,0.79095459,0
0.63549805,0.03112793,0.01861572,0.77124023,0
0.65466309,0.03466797,0.01855469,0.75488281,0
0.67846680,0.03436279,0.02130127,0.73352051,0
0.69720459,0.03356934,0.02239990,0.71569824,0
0.72113037,0.03503418,0.01849365,0.69171143,0
0.74542236,0.03973389,0.01855469,0.66516113,0
0.76312256,0.04138184,0.01715088,0.64471436,0
0.78564453,0.04345703,0.01269531,0.61706543,0
0.80700684,0.04492188,0.01159668,0.58874512,0
0.82220459,0.04406738,0.00976562,0.56738281,0
0.83874512,0.04193115,0.01483154,0.54272461,0
0.85296631,0.04034424,0.02142334,0.51989746,0
0.86590576,0.03735352,0.02392578,0.49822998,0
0.87542725,0.03424072,0.02447510,0.48150635,0
0.88641357,0.03295898,0.02453613,0.46105957,0
0.89703369,0.03027344,0.02313232,0.44036865,0
0.90533447,0.02984619,0.02191162,0.42315674,0
0.91619873,0.02740479,0.02148438,0.39923096,0
0.92498779,0.02587891,0.02026367,0.37866211,0
0.93609619,0.02478027,0.01940918,0.35028076,0
0.94708252,0.02331543,0.02032471,0.31958008,0
0.95550537,0.02282715,0.02008057,0.29345703,0
0.96453857,0.02166748,0.02026367,0.26226807,0
0.97167969,0.02105713,0.01965332,0.23449707,0
0.97747803,0.02111816,0.01727295,0.20916748,0
0.98114014,0.02276611,0.01873779,0.19104004,0
0.98486328,0.02294922,0.01892090,0.17089844,0
0.98760986,0.02252197,0.01855469,0.15411377,0
0.98956299,0.01947021,0.01855469,0.14160156,0
0.99023438,0.02178955,0.02020264,0.13610840,0
0.99017334,0.02105713,0.01928711,0.13696289,0
0.98858643,0.02172852,0.01953125,0.14776611,0
0.98638916,0.02075195,0.01831055,0.16198730,0
0.98199463,0.02215576,0.02099609,0.18646240,0
0.97540283,0.02209473,0.02160645,0.21832275,0
0.96850586,0.02325439,0.02319336,0.24676514,0
0.95812988,0.02502441,0.02343750,0.28430176,0
0.94622803,0.03009033,0.02777100,0.32098389,0
0.93542480,0.02844238,0.02886963,0.35125732,0
0.92034912,0.02954102,0.03009033,0.38885498,0
0.90325928,0.03027344,0.03405762,0.42663574,0
0.88861084,0.02886963,0.03460693,0.45642090,0
0.86871338,0.03002930,0.03717041,0.49304199,0
0.84686279,0.02752686,0.03930664,0.52966309,0
0.82312012,0.02557373,0.04052734,0.56585693,0
0.80346680,0.02423096,0.04254150,0.59332275,0
0.77905273,0.01995850,0.04718018,0.62487793,0
0.75390625,0.01562500,0.05352783,0.65460205,0
0.73333740,0.01104736,0.05767822,0.67730713,0
0.70727539,0.00512695,0.06079102,0.70428467,0
0.68151855,0.00372314,0.06396484,0.72900391,0
0.66033936,0.00103760,0.06683350,0.74798584,0
0.63305664,-0.00219727,0.06976318,0.77093506,0
0.60546875,-0.00469971,0.07019043,0.79272461,0
0.58355713,-0.00573730,0.07226562,0.80883789,0
0.55651855,-0.00811768,0.07434082,0.82745361,0
0.52960205,-0.01049805,0.07830811,0.84454346,0
0.50744629,-0.01342773,0.08172607,0.85766602,0
0.47875977,-0.01812744,0.08410645,0.87371826,0
0.44921875,-0.02301025,0.08642578,0.88891602,0
0.41760254,-0.02673340,0.08630371,0.90411377,0
0.39324951,-0.02923584,0.08374023,0.91516113,0
0.36230469,-0.03369141,0.08081055,0.92791748,0
0.32952881,-0.03826904,0.08074951,0.93988037,0
0.30212402,-0.04351807,0.07904053,0.94897461,0
0.26898193,-0.05047607,0.07635498,0.95880127,0
0.23687744,-0.05572510,0.07403564,0.96710205,0
0.21166992,-0.05902100,0.07147217,0.97290039,0
0.18084717,-0.06127930,0.07037354,0.97906494,0
0.15185547,-0.06433105,0.06072998,0.98443604,0
0.13165283,-0.06695557,0.04602051,0.98797607,0
0.10675049,-0.06860352,0.04113770,0.99108887,0
0.08630371,-0.06719971,0.04095459,0.99316406,0
0.07525635,-0.06518555,0.04443359,0.99401855,0
0.06298828,-0.06274414,0.04742432,0.99493408,0
0.05743408,-0.06152344,0.05200195,0.99511719,0
0.05651855,-0.06286621,0.05493164,0.99493408,0
0.05694580,-0.06420898,0.05615234,0.99475098,0
0.05963135,-0.06707764,0.05535889,0.99444580,0
0.06768799,-0.06774902,0.05603027,0.99383545,0
0.08557129,-0.06695557,0.06121826,0.99218750,0
0.10461426,-0.06420898,0.06817627,0.99011230,0
0.13177490,-0.05828857,0.07165527,0.98693848,0
0.15789795,-0.05401611,0.07666016,0.98297119,0
0.19482422,-0.04925537,0.07812500,0.97650146,0
0.23333740,-0.04351807,0.07525635,0.96850586,0
0.26403809,-0.03814697,0.07543945,0.96081543,0
0.30169678,-0.02874756,0.07098389,0.95031738,0
0.33941650,-0.01898193,0.07104492,0.93774414,0
0.37615967,-0.00854492,0.06744385,0.92407227,0
0.40405273,-0.00109863,0.06378174,0.91253662,0
0.43695068,0.00549316,0.05883789,0.89752197,0
0.46887207,0.01068115,0.05444336,0.88153076,0
0.49389648,0.01342773,0.05175781,0.86785889,0
0.52520752,0.01831055,0.04888916,0.84936523,0
0.55676270,0.02325439,0.05194092,0.82873535,0
0.58697510,0.02593994,0.04986572,0.80767822,0
0.61004639,0.02825928,0.05078125,0.79022217,0
0.63732910,0.03100586,0.04669189,0.76855469,0
0.66540527,0.03460693,0.04364014,0.74438477,0
0.68750000,0.03576660,0.04089355,0.72412109,0
0.71545410,0.03350830,0.03271484,0.69708252,0
0.73828125,0.03363037,0.02960205,0.67303467,0
0.76617432,0.02929688,0.02020264,0.64160156,0
0.79382324,0.02618408,0.01574707,0.60736084,0
0.82092285,0.02496338,0.01287842,0.57031250,0
0.84204102,0.02508545,0.00915527,0.53875732,0
0.86895752,0.02679443,0.00866699,0.49407959,0
0.89306641,0.03143311,0.00817871,0.44879150,0
0.91326904,0.03454590,0.00360107,0.40594482,0
0.92694092,0.03466797,-0.00054932,0.37353516,0
0.94250488,0.03460693,-0.00134277,0.33239746,0
0.95544434,0.03308105,0.00103760,0.29321289,0
0.96417236,0.02947998,0.00054932,0.26373291,0
0.97326660,0.02392578,0.00231934,0.22851562,0
0.98156738,0.01513672,0.00262451,0.19042969,0
0.98767090,0.01281738,0.00463867,0.15588379,0
0.99359131,0.01336670,0.00665283,0.11224365,0
0.99731445,0.01293945,0.00598145,0.07153320,0
0.99902344,0.01562500,0.00756836,0.04132080,0
0.99975586,0.02020264,0.00585938,0.00512695,0
0.99932861,0.02331543,0.00360107,-0.02728271,0
0.99835205,0.02496338,0.00109863,-0.05163574,0
0.99633789,0.02862549,-0.00128174,-0.08068848,0
0.99371338,0.02899170,-0.00341797,-0.10821533,0
0.99035645,0.03179932,-0.00415039,-0.13500977,0
0.98742676,0.03216553,-0.00549316,-0.15466309,0
0.98370361,0.03143311,-0.00836182,-0.17669678,0
0.97943115,0.03192139,-0.01159668,-0.19873047,0
0.97436523,0.03527832,-0.01171875,-0.22198486,0
0.96984863,0.03625488,-0.01269531,-0.24066162,0
0.96368408,0.03674316,-0.01055908,-0.26434326,0
0.95690918,0.03735352,-0.00500488,-0.28790283,0
0.95086670,0.03631592,-0.00384521,-0.30755615,0
0.94213867,0.03784180,-0.00537109,-0.33294678,0
0.93255615,0.03759766,-0.00500488,-0.35906982,0
0.92376709,0.03900146,-0.00457764,-0.38098145,0
0.91131592,0.04266357,-0.00091553,-0.40942383,0
0.89758301,0.04467773,0.00274658,-0.43865967,0
0.88293457,0.04644775,0.00439453,-0.46710205,0
0.87023926,0.04565430,0.00494385,-0.49053955,0
0.85266113,0.04583740,0.00579834,-0.52044678,0
0.83331299,0.04797363,0.00946045,-0.55059814,0
0.81762695,0.04882812,0.01049805,-0.57360840,0
0.79833984,0.05029297,0.01159668,-0.59997559,0
0.78021240,0.04980469,0.01336670,-0.62341309,0
0.76226807,0.04998779,0.01403809,-0.64520264,0
0.74774170,0.05108643,0.01556396,-0.66180420,0
0.73040771,0.05157471,0.01940918,-0.68078613,0
0.71673584,0.05468750,0.02178955,-0.69482422,0
0.70080566,0.05395508,0.02514648,-0.71087646,0
0.68481445,0.05224609,0.02770996,-0.72631836,0
0.67163086,0.05029297,0.02960205,-0.73858643,0
0.65484619,0.04864502,0.03027344,-0.75360107,0
0.63830566,0.04821777,0.03057861,-0.76763916,0
0.62286377,0.04589844,0.03179932,-0.78033447,0
0.61145020,0.04315186,0.03240967,-0.78942871,0
0.59503174,0.04162598,0.03094482,-0.80206299,0
0.57586670,0.04290771,0.02728271,-0.81591797,0
0.56072998,0.04229736,0.02362061,-0.82653809,0
0.54211426,0.04345703,0.01989746,-0.83892822,0
0.52484131,0.04327393,0.02056885,-0.84985352,0
0.50891113,0.04321289,0.02215576,-0.85943604,0
0.49487305,0.04473877,0.02233887,-0.86755371,0
0.47558594,0.04693604,0.02471924,-0.87805176,0
0.45910645,0.04730225,0.02313232,-0.88684082,0
0.43591309,0.04827881,0.02093506,-0.89843750,0
0.41186523,0.04876709,0.01916504,-0.90972900,0
0.39270020,0.04772949,0.01812744,-0.91821289,0
0.36914062,0.04632568,0.01617432,-0.92810059,0
0.34613037,0.04321289,0.01538086,-0.93707275,0
0.32666016,0.03979492,0.01318359,-0.94421387,0
0.30187988,0.03436279,0.01245117,-0.95263672,0
0.27526855,0.03033447,0.01123047,-0.96081543,0
0.24572754,0.03350830,0.01300049,-0.96868896,0
0.22161865,0.03137207,0.01116943,-0.97454834,0
0.19134521,0.02691650,0.01171875,-0.98107910,0
0.15930176,0.02380371,0.01141357,-0.98687744,0
0.12609863,0.02276611,0.01275635,-0.99169922,0
0.09881592,0.02429199,0.01318359,-0.99468994,0
0.06555176,0.02471924,0.01440430,-0.99743652,0
0.04028320,0.02789307,0.01544189,-0.99865723,0
0.01202393,0.03521729,0.01324463,-0.99920654,0
-0.01513672,0.04296875,0.01507568,-0.99884033,0
-0.03521729,0.04766846,0.01965332,-0.99804688,0
-0.05731201,0.05419922,0.02117920,-0.99664307,0
-0.07653809,0.05981445,0.02124023,-0.99505615,0
-0.08917236,0.06195068,0.01873779,-0.99389648,0
-0.09545898,0.06323242,0.01818848,-0.99328613,0
-0.09802246,0.06036377,0.01025391,-0.99328613,0
-0.09411621,0.05798340,0.00891113,-0.99383545,0
-0.08593750,0.05535889,0.00878906,-0.99475098,0
-0.07073975,0.05218506,0.00762939,-0.99609375,0
-0.05218506,0.04937744,0.00714111,-0.99737549,0
-0.02984619,0.04833984,0.00476074,-0.99835205,0
-0.00646973,0.04711914,0.00537109,-0.99884033,0
0.02899170,0.04400635,0.00634766,-0.99859619,0
0.06005859,0.04125977,0.00585938,-0.99731445,0
0.10003662,0.03765869,0.00341797,-0.99426270,0
0.14257812,0.03338623,0.00152588,-0.98919678,0
0.17694092,0.03063965,0.00018311,-0.98376465,0
0.21807861,0.02850342,-0.00140381,-0.97552490,0
0.25744629,0.02825928,-0.00134277,-0.96588135,0
0.29620361,0.02673340,-0.00073242,-0.95477295,0
0.32696533,0.02569580,0.00109863,-0.94470215,0
0.36547852,0.02557373,0.00244141,-0.93048096,0
0.40179443,0.02539062,0.00372314,-0.91534424,0
0.43475342,0.02557373,0.00329590,-0.90014648,0
0.45953369,0.02661133,0.00183105,-0.88775635,0
0.48980713,0.02856445,0.00048828,-0.87133789,0
0.51910400,0.03088379,0.00067139,-0.85412598,0
0.54113770,0.03326416,0.00439453,-0.84027100,0
0.56951904,0.03350830,0.00488281,-0.82128906,0
0.59179688,0.03088379,0.00518799,-0.80548096,0
0.61865234,0.02929688,0.00634766,-0.78509521,0
0.64471436,0.02734375,0.00732422,-0.76391602,0
0.66503906,0.02734375,0.00860596,-0.74627686,0
0.69024658,0.02697754,0.01049805,-0.72302246,0
0.71429443,0.02813721,0.01397705,-0.69915771,0
0.73736572,0.02862549,0.01739502,-0.67468262,0
0.75543213,0.02886963,0.02203369,-0.65417480,0
0.77801514,0.02984619,0.02587891,-0.62695312,0
0.80017090,0.02893066,0.02795410,-0.59838867,0
