=~=~=~=~=~=~=~=~=~=~=~= PuTTY log 2024.05.06 20:40:06 =~=~=~=~=~=~=~=~=~=~=~=
1.00000000,-0.00714111,0.00085449,0.00036621,1
0.99987793,-0.01342773,0.00354004,-0.00451660,1
0.99981689,-0.01690674,0.00683594,-0.00921631,1
0.99981689,-0.01477051,0.00970459,-0.00628662,1
0.99981689,-0.01550293,0.00793457,-0.00836182,1
0.99981689,-0.01605225,0.00781250,-0.00885010,1
0.76074219,-0.18377686,-0.62237549,-0.01251221,1
0.75811768,-0.18041992,-0.62658691,-0.01043701,1
0.75732422,-0.17755127,-0.62841797,-0.00762939,1
0.75677490,-0.17510986,-0.62976074,-0.00561523,1
0.75885010,-0.16815186,-0.62915039,-0.00073242,1
0.76184082,-0.16351318,-0.62683105,0.00140381,1
0.76489258,-0.16027832,-0.62390137,0.00189209,1
0.76556396,-0.15881348,-0.62341309,-0.00219727,1
0.76745605,-0.15820312,-0.62121582,-0.00469971,1
0.76794434,-0.15960693,-0.62011719,-0.01348877,1
0.77020264,-0.16271973,-0.61621094,-0.02410889,1
0.77331543,-0.16137695,-0.61224365,-0.03295898,1
0.77429199,-0.15399170,-0.61279297,-0.03454590,1
0.77728271,-0.14385986,-0.61175537,-0.02996826,1
0.77691650,-0.12316895,-0.61730957,-0.01525879,1
0.77600098,-0.10998535,-0.62109375,-0.00335693,1
0.77606201,-0.10015869,-0.62261963,0.00622559,1
0.77325439,-0.08850098,-0.62756348,0.01965332,1
0.77117920,-0.07470703,-0.63116455,0.03649902,1
0.76879883,-0.05761719,-0.63439941,0.05590820,1
0.76574707,-0.04565430,-0.63751221,0.07165527,1
0.76190186,-0.02862549,-0.64044189,0.09222412,1
0.75769043,-0.01269531,-0.64300537,0.11096191,1
0.75366211,-0.00042725,-0.64520264,0.12518311,1
0.74810791,0.01745605,-0.64685059,0.14691162,1
0.74218750,0.03192139,-0.64849854,0.16613770,1
0.73657227,0.05261230,-0.64709473,0.18963623,1
0.73095703,0.06994629,-0.64489746,0.21191406,1
0.72515869,0.09051514,-0.64178467,0.23254395,1
0.71978760,0.10723877,-0.64019775,0.24591064,1
0.71496582,0.12933350,-0.63525391,0.26165771,1
0.70928955,0.15057373,-0.63049316,0.27691650,1
0.70556641,0.17071533,-0.62072754,0.29620361,1
0.70068359,0.18762207,-0.61480713,0.30957031,1
0.69549561,0.20489502,-0.60760498,0.32421875,1
0.68646240,0.22314453,-0.60351562,0.33874512,1
0.67919922,0.23876953,-0.59808350,0.35211182,1
0.66699219,0.25946045,-0.59246826,0.36981201,1
0.65478516,0.27911377,-0.58563232,0.38775635,1
0.64239502,0.29663086,-0.58062744,0.40277100,1
0.62585449,0.31805420,-0.57550049,0.41943359,1
0.61279297,0.33770752,-0.56494141,0.43737793,1
0.60009766,0.35534668,-0.55944824,0.44793701,1
0.58929443,0.37219238,-0.54827881,0.46215820,1
0.58062744,0.38629150,-0.53607178,0.47570801,1
0.57263184,0.40161133,-0.52905273,0.48052979,1
0.56756592,0.41400146,-0.52545166,0.48004150,1
0.56250000,0.42449951,-0.52380371,0.47857666,1
0.56036377,0.42926025,-0.52020264,0.48071289,1
0.56060791,0.43212891,-0.52032471,0.47766113,1
0.56298828,0.43469238,-0.52154541,0.47131348,1
0.56665039,0.43377686,-0.52416992,0.46472168,1
0.57281494,0.42956543,-0.52789307,0.45690918,1
0.58135986,0.42132568,-0.53460693,0.44573975,1
0.59179688,0.40972900,-0.54071045,0.43530273,1
0.60296631,0.39831543,-0.54534912,0.42462158,1
0.61950684,0.38226318,-0.55084229,0.40826416,1
0.63378906,0.36517334,-0.55743408,0.39276123,1
0.64477539,0.34997559,-0.56591797,0.37622070,1
0.65716553,0.32928467,-0.57751465,0.35528564,1
0.66809082,0.30682373,-0.59118652,0.33166504,1
0.67663574,0.28759766,-0.60144043,0.31262207,1
0.68896484,0.26354980,-0.61157227,0.28619385,1
0.70251465,0.23760986,-0.61993408,0.25634766,1
0.71203613,0.21447754,-0.62756348,0.23059082,1
0.71710205,0.19677734,-0.63439941,0.21112061,1
0.72302246,0.17486572,-0.64111328,0.18872070,1
0.72796631,0.15252686,-0.64624023,0.17077637,1
0.73419189,0.13061523,-0.64990234,0.14678955,1
0.73712158,0.11450195,-0.65252686,0.13336182,1
0.73913574,0.09710693,-0.65576172,0.11920166,1
0.73919678,0.07916260,-0.66082764,0.10314941,1
0.74273682,0.05786133,-0.66204834,0.08166504,1
0.74401855,0.03277588,-0.66418457,0.06451416,1
0.74566650,0.02148438,-0.66381836,0.05316162,1
0.74487305,0.00634766,-0.66613770,0.03643799,1
0.74530029,-0.01147461,-0.66632080,0.01940918,1
0.74584961,-0.02972412,-0.66540527,0.00421143,1
0.74505615,-0.04663086,-0.66534424,-0.00732422,1
0.74279785,-0.06268311,-0.66607666,-0.02484131,1
0.74279785,-0.08447266,-0.66302490,-0.03936768,1
0.74261475,-0.09808350,-0.66009521,-0.05609131,1
0.74438477,-0.11608887,-0.65332031,-0.07446289,1
0.74273682,-0.13403320,-0.64959717,-0.09155273,1
0.73919678,-0.15203857,-0.64697266,-0.10900879,1
0.73657227,-0.16802979,-0.64410400,-0.11999512,1
0.73199463,-0.18206787,-0.64208984,-0.13677979,1
0.72943115,-0.19592285,-0.63897705,-0.14581299,1
0.72369385,-0.21270752,-0.63677979,-0.15966797,1
0.71630859,-0.22717285,-0.63549805,-0.17724609,1
0.70721436,-0.24291992,-0.63330078,-0.19952393,1
0.69750977,-0.25738525,-0.63208008,-0.21838379,1
0.68713379,-0.27288818,-0.62902832,-0.24011230,1
0.67675781,-0.28729248,-0.62500000,-0.26232910,1
0.66864014,-0.30053711,-0.62036133,-0.27893066,1
0.65679932,-0.31896973,-0.61437988,-0.29888916,1
0.64343262,-0.33837891,-0.60870361,-0.31787109,1
0.62756348,-0.35888672,-0.60412598,-0.33526611,1
0.61712646,-0.37335205,-0.60028076,-0.34552002,1
0.60717773,-0.38934326,-0.59045410,-0.36206055,1
0.59515381,-0.40570068,-0.57720947,-0.38476562,1
0.58563232,-0.42059326,-0.56030273,-0.40771484,1
0.57507324,-0.43255615,-0.54962158,-0.42437744,1
0.56195068,-0.44860840,-0.53735352,-0.44073486,1
0.55010986,-0.46380615,-0.52343750,-0.45642090,1
0.53930664,-0.47595215,-0.51098633,-0.47064209,1
0.52807617,-0.49066162,-0.49273682,-0.48742676,1
0.52026367,-0.50122070,-0.47814941,-0.49951172,1
0.51031494,-0.51281738,-0.46063232,-0.51422119,1
0.50079346,-0.52160645,-0.44433594,-0.52886963,1
0.49114990,-0.52880859,-0.42852783,-0.54357910,1
0.48071289,-0.53619385,-0.41699219,-0.55450439,1
0.46496582,-0.54864502,-0.40295410,-0.56604004,1
0.44818115,-0.56097412,-0.38653564,-0.57879639,1
0.42926025,-0.57104492,-0.36627197,-0.59625244,1
0.41210938,-0.57916260,-0.34899902,-0.61065674,1
0.38903809,-0.59051514,-0.32824707,-0.62622070,1
0.36456299,-0.60308838,-0.30737305,-0.63946533,1
0.34729004,-0.61077881,-0.28912354,-0.65014648,1
0.32348633,-0.61926270,-0.26586914,-0.66424561,1
0.29827881,-0.62786865,-0.24176025,-0.67706299,1
0.28112793,-0.63439941,-0.21881104,-0.68597412,1
0.25921631,-0.64367676,-0.18750000,-0.69519043,1
0.23486328,-0.65069580,-0.15728760,-0.70477295,1
0.21020508,-0.65502930,-0.13671875,-0.71276855,1
0.17822266,-0.66113281,-0.11285400,-0.71997070,1
0.14929199,-0.66741943,-0.09063721,-0.72393799,1
0.12390137,-0.67114258,-0.07220459,-0.72729492,1
0.10382080,-0.67242432,-0.05975342,-0.73040771,1
0.08007812,-0.67163086,-0.04644775,-0.73504639,1
0.05804443,-0.67156982,-0.03509521,-0.73785400,1
0.04327393,-0.67175293,-0.02636719,-0.73901367,1
0.02862549,-0.67211914,-0.01574707,-0.73974609,1
0.01617432,-0.66967773,-0.00323486,-0.74243164,1
0.00384521,-0.66833496,0.01074219,-0.74377441,1
-0.00299072,-0.66522217,0.02154541,-0.74627686,1
-0.01324463,-0.66412354,0.03533936,-0.74670410,1
-0.02313232,-0.66497803,0.04602051,-0.74505615,1
-0.02917480,-0.66375732,0.05255127,-0.74548340,1
-0.04034424,-0.66308594,0.06280518,-0.74481201,1
-0.04962158,-0.66271973,0.07189941,-0.74371338,1
-0.05877686,-0.66387939,0.08294678,-0.74090576,1
-0.06951904,-0.66290283,0.09484863,-0.73937988,1
-0.07855225,-0.65966797,0.10675049,-0.73974609,1
-0.08703613,-0.65838623,0.11828613,-0.73822021,1
-0.09167480,-0.65930176,0.12762451,-0.73522949,1
-0.09655762,-0.66204834,0.13812256,-0.73028564,1
-0.09820557,-0.66046143,0.15216064,-0.72869873,1
-0.10125732,-0.65747070,0.16076660,-0.72912598,1
-0.10058594,-0.65484619,0.16918945,-0.72967529,1
-0.09851074,-0.65283203,0.17510986,-0.73034668,1
-0.08941650,-0.64727783,0.18505859,-0.73400879,1
-0.08074951,-0.64349365,0.18975830,-0.73718262,1
-0.06774902,-0.64007568,0.19207764,-0.74084473,1
-0.05456543,-0.64184570,0.18493652,-0.74218750,1
-0.04071045,-0.64385986,0.17547607,-0.74359131,1
-0.02185059,-0.64727783,0.15838623,-0.74530029,1
-0.00421143,-0.64996338,0.14392090,-0.74621582,1
0.01965332,-0.65270996,0.12396240,-0.74713135,1
0.04565430,-0.65435791,0.10351562,-0.74761963,1
0.07000732,-0.65533447,0.08221436,-0.74755859,1
0.08923340,-0.65319824,0.06347656,-0.74920654,1
0.11212158,-0.64996338,0.03991699,-0.75054932,1
0.13562012,-0.64715576,0.01593018,-0.75000000,1
0.15649414,-0.64471436,-0.00836182,-0.74816895,1
0.17486572,-0.64324951,-0.02935791,-0.74481201,1
0.19732666,-0.63983154,-0.05645752,-0.74060059,1
0.21569824,-0.63623047,-0.08245850,-0.73614502,1
0.23315430,-0.62756348,-0.10632324,-0.73516846,1
0.24859619,-0.61840820,-0.12628174,-0.73474121,1
0.27087402,-0.60821533,-0.15509033,-0.72979736,1
0.29779053,-0.59600830,-0.18737793,-0.72180176,1
0.32031250,-0.58374023,-0.21289062,-0.71508789,1
0.34881592,-0.56781006,-0.24017334,-0.70587158,1
0.36871338,-0.55474854,-0.25964355,-0.69915771,1
0.39141846,-0.54077148,-0.28753662,-0.68676758,1
0.41271973,-0.53283691,-0.31317139,-0.66906738,1
0.44177246,-0.51971436,-0.33697510,-0.64898682,1
0.46130371,-0.50799561,-0.35766602,-0.63342285,1
0.48663330,-0.49249268,-0.38366699,-0.61102295,1
0.51977539,-0.47149658,-0.40844727,-0.58367920,1
0.54681396,-0.45263672,-0.43389893,-0.55480957,1
0.56567383,-0.43762207,-0.45373535,-0.53167725,1
0.58795166,-0.41894531,-0.47473145,-0.50347900,1
0.60827637,-0.39947510,-0.49609375,-0.47357178,1
0.62524414,-0.38061523,-0.51293945,-0.44854736,1
0.64544678,-0.35540771,-0.53265381,-0.41644287,1
0.66601562,-0.32574463,-0.55047607,-0.38385010,1
0.68072510,-0.30096436,-0.56341553,-0.35864258,1
0.69580078,-0.26928711,-0.57879639,-0.32922363,1
0.70501709,-0.24035645,-0.59613037,-0.29968262,1
0.71289062,-0.21667480,-0.60784912,-0.27453613,1
0.72125244,-0.18804932,-0.61944580,-0.24645996,1
0.73150635,-0.15991211,-0.62457275,-0.22174072,1
0.73840332,-0.13970947,-0.62792969,-0.20239258,1
0.74542236,-0.11834717,-0.63134766,-0.17816162,1
0.74877930,-0.09924316,-0.63714600,-0.15332031,1
0.75225830,-0.07611084,-0.64129639,-0.13031006,1
0.75585938,-0.05615234,-0.64245605,-0.11303711,1
0.75891113,-0.03332520,-0.64373779,-0.09240723,1
0.75903320,-0.01007080,-0.64776611,-0.06481934,1
0.75726318,0.01605225,-0.65197754,-0.03436279,1
0.75592041,0.03680420,-0.65356445,-0.00787354,1
0.75103760,0.06286621,-0.65679932,0.02606201,1
0.74517822,0.09033203,-0.65777588,0.06268311,1
0.73791504,0.11346436,-0.65863037,0.09375000,1
0.72753906,0.14288330,-0.65606689,0.14068604,1
0.71417236,0.17248535,-0.65093994,0.19116211,1
0.70556641,0.19604492,-0.64282227,0.22473145,1
0.69372559,0.22381592,-0.63385010,0.25866699,1
0.67938232,0.24792480,-0.62548828,0.29278564,1
0.66308594,0.27166748,-0.61730957,0.32464600,1
0.64978027,0.29132080,-0.60980225,0.34783936,1
0.63470459,0.31927490,-0.59497070,0.37573242,1
0.61816406,0.34826660,-0.57934570,0.40112305,1
0.60455322,0.36920166,-0.56500244,0.42309570,1
0.58770752,0.39306641,-0.54614258,0.44927979,1
0.56921387,0.41448975,-0.52813721,0.47467041,1
0.55029297,0.43377686,-0.51074219,0.49810791,1
0.53466797,0.44824219,-0.49761963,0.51538086,1
0.51556396,0.46411133,-0.48144531,0.53576660,1
0.50109863,0.47601318,-0.46667480,0.55181885,1
0.48376465,0.49035645,-0.44787598,0.57006836,1
0.46539307,0.50378418,-0.42858887,0.58813477,1
0.44732666,0.51416016,-0.41412354,0.60339355,1
0.42321777,0.52899170,-0.39587402,0.61999512,1
0.39660645,0.54724121,-0.37744141,0.63311768,1
0.36889648,0.56726074,-0.35711670,0.64392090,1
0.34674072,0.58111572,-0.33746338,0.65435791,1
0.31945801,0.59680176,-0.31317139,0.66613770,1
0.28955078,0.61187744,-0.29028320,0.67639160,1
0.26300049,0.62451172,-0.27221680,0.68316650,1
0.23358154,0.63568115,-0.24798584,0.69274902,1
0.20617676,0.64215088,-0.22344971,0.70367432,1
0.17492676,0.64709473,-0.19653320,0.71557617,1
0.14819336,0.65136719,-0.17486572,0.72332764,1
0.10888672,0.65728760,-0.14624023,0.73126221,1
0.06585693,0.66290283,-0.11633301,0.73663330,1
0.03320312,0.66656494,-0.09204102,0.73901367,1
-0.00054932,0.66619873,-0.06085205,0.74328613,1
-0.02398682,0.66387939,-0.03747559,0.74652100,1
-0.05377197,0.66107178,-0.01104736,0.74829102,1
-0.08215332,0.65972900,0.01623535,0.74682617,1
-0.10839844,0.65930176,0.04492188,0.74261475,1
-0.13000488,0.65924072,0.06683350,0.73760986,1
-0.15594482,0.65625000,0.09222412,0.73248291,1
-0.17938232,0.65075684,0.11541748,0.72869873,1
-0.20300293,0.64569092,0.13623047,0.72338867,1
-0.22399902,0.64318848,0.15087891,0.71649170,1
-0.24786377,0.63842773,0.17010498,0.70855713,1
-0.26745605,0.63000488,0.18493652,0.70520020,1
-0.28271484,0.62530518,0.19622803,0.70037842,1
-0.30090332,0.62103271,0.21051025,0.69238281,1
-0.31567383,0.61938477,0.22564697,0.68249512,1
-0.32470703,0.61669922,0.23553467,0.67736816,1
-0.33605957,0.61004639,0.24542236,0.67431641,1
-0.34490967,0.60620117,0.25292969,0.67053223,1
-0.34783936,0.60546875,0.25756836,0.66784668,1
-0.34594727,0.60809326,0.26483154,0.66363525,1
-0.34655762,0.60888672,0.26684570,0.66180420,1
-0.34606934,0.61114502,0.26898193,0.65911865,1
-0.34228516,0.61407471,0.26910400,0.65826416,1
-0.33703613,0.61700439,0.26916504,0.65820312,1
-0.33441162,0.61755371,0.26531982,0.66058350,1
-0.33288574,0.61828613,0.26208496,0.66198730,1
-0.32849121,0.62005615,0.25836182,0.66400146,1
-0.32104492,0.62255859,0.25396729,0.66699219,1
-0.31304932,0.62371826,0.24664307,0.67242432,1
-0.29925537,0.62707520,0.23486328,0.67974854,1
-0.28643799,0.63000488,0.21777344,0.68817139,1
-0.27435303,0.63208008,0.20379639,0.69549561,1
-0.25708008,0.63732910,0.18634033,0.70214844,1
-0.24407959,0.64001465,0.17120361,0.70819092,1
-0.22491455,0.64459229,0.15136719,0.71484375,1
-0.20562744,0.64953613,0.13049316,0.72021484,1
-0.18536377,0.65423584,0.10919189,0.72503662,1
-0.16796875,0.65795898,0.09277344,0.72814941,1
-0.14660645,0.66040039,0.07263184,0.73284912,1
-0.12408447,0.66284180,0.05297852,0.73651123,1
-0.10479736,0.66424561,0.03662109,0.73925781,1
-0.08081055,0.66394043,0.01562500,0.74322510,1
-0.05419922,0.66406250,-0.00622559,0.74566650,1
-0.02734375,0.66296387,-0.02954102,0.74755859,1
-0.00396729,0.66156006,-0.04895020,0.74829102,1
0.02416992,0.66058350,-0.07415771,0.74670410,1
0.04663086,0.65869141,-0.09454346,0.74499512,1
0.07446289,0.65527344,-0.12030029,0.74200439,1
0.10308838,0.65014648,-0.14556885,0.73858643,1
0.12695312,0.64605713,-0.16571045,0.73419189,1
0.15728760,0.63891602,-0.19281006,0.72790527,1
0.18487549,0.63031006,-0.22100830,0.72088623,1
0.21368408,0.61999512,-0.24822998,0.71295166,1
0.23535156,0.61071777,-0.27099609,0.70581055,1
0.26385498,0.59887695,-0.29748535,0.69519043,1
0.29449463,0.58911133,-0.32250977,0.67987061,1
0.31951904,0.58056641,-0.34228516,0.66613770,1
0.35406494,0.56732178,-0.36669922,0.64678955,1
0.38964844,0.55145264,-0.39324951,0.62402344,1
0.42779541,0.53228760,-0.42047119,0.59741211,1
0.45843506,0.51501465,-0.44323730,0.57281494,1
0.49475098,0.49035645,-0.47064209,0.54150391,1
0.52252197,0.47003174,-0.49212646,0.51367188,1
0.55224609,0.44476318,-0.51794434,0.47845459,1
0.57830811,0.41925049,-0.53991699,0.44525146,1
0.59802246,0.39788818,-0.55535889,0.41906738,1
0.62017822,0.37042236,-0.57348633,0.38641357,1
0.64208984,0.34283447,-0.58813477,0.35247803,1
0.66290283,0.31311035,-0.60046387,0.31933594,1
0.67810059,0.28729248,-0.60888672,0.29486084,1
0.69616699,0.25518799,-0.61676025,0.26422119,1
0.71148682,0.22406006,-0.62420654,0.23223877,1
0.72467041,0.19390869,-0.63000488,0.20104980,1
0.73419189,0.16955566,-0.63287354,0.17803955,1
0.74401855,0.14111328,-0.63537598,0.15100098,1
0.74987793,0.11328125,-0.63909912,0.12805176,1
0.75500488,0.09234619,-0.63946533,0.11175537,1
0.76171875,0.06756592,-0.63800049,0.09033203,1
0.76751709,0.04974365,-0.63488770,0.07299805,1
0.77105713,0.02728271,-0.63391113,0.05371094,1
0.77471924,0.00549316,-0.63140869,0.03289795,1
0.77551270,-0.01544189,-0.63092041,0.01776123,1
0.77581787,-0.04205322,-0.62957764,-0.00225830,1
0.77484131,-0.06805420,-0.62799072,-0.02496338,1
0.77301025,-0.09289551,-0.62567139,-0.04852295,1
0.77087402,-0.11614990,-0.62255859,-0.06835938,1
0.76727295,-0.14587402,-0.61767578,-0.09179688,1
0.76306152,-0.17364502,-0.61169434,-0.11572266,1
0.75720215,-0.19610596,-0.60675049,-0.14147949,1
0.75177002,-0.21563721,-0.60198975,-0.16113281,1
0.74243164,-0.23730469,-0.59692383,-0.19018555,1
0.73181152,-0.26062012,-0.59094238,-0.21752930,1
0.72027588,-0.28411865,-0.58441162,-0.24285889,1
0.70916748,-0.30249023,-0.58062744,-0.26165771,1
0.69598389,-0.32067871,-0.57611084,-0.28448486,1
0.67889404,-0.33923340,-0.57196045,-0.31127930,1
0.66345215,-0.35632324,-0.56842041,-0.33135986,1
0.64923096,-0.37432861,-0.56140137,-0.35095215,1
0.63330078,-0.38977051,-0.55749512,-0.36901855,1
0.62097168,-0.39916992,-0.55474854,-0.38385010,1
0.60711670,-0.41198730,-0.54626465,-0.40405273,1
0.59655762,-0.42413330,-0.53417969,-0.42291260,1
0.58947754,-0.43273926,-0.52301025,-0.43780518,1
0.57879639,-0.44390869,-0.50897217,-0.45703125,1
0.56616211,-0.45623779,-0.49603271,-0.47460938,1
0.55566406,-0.46923828,-0.48303223,-0.48754883,1
0.54937744,-0.47821045,-0.47161865,-0.49713135,1
0.54132080,-0.48779297,-0.45721436,-0.50988770,1
0.53295898,-0.49621582,-0.44317627,-0.52276611,1
0.52154541,-0.50823975,-0.43170166,-0.53228760,1
0.51660156,-0.51550293,-0.42144775,-0.53833008,1
0.51153564,-0.52117920,-0.40942383,-0.54693604,1
0.50408936,-0.52783203,-0.39495850,-0.55792236,1
0.49609375,-0.53356934,-0.38262939,-0.56811523,1
0.48498535,-0.54296875,-0.37017822,-0.57702637,1
0.47241211,-0.55364990,-0.35699463,-0.58551025,1
0.46173096,-0.55981445,-0.34625244,-0.59454346,1
0.44757080,-0.56781006,-0.33221436,-0.60571289,1
0.43774414,-0.57427979,-0.31555176,-0.61566162,1
0.42510986,-0.57946777,-0.30273438,-0.62597656,1
0.41223145,-0.58441162,-0.28875732,-0.63647461,1
0.38964844,-0.59216309,-0.27136230,-0.65106201,1
0.36688232,-0.60168457,-0.25219727,-0.66314697,1
0.34912109,-0.61004639,-0.23760986,-0.67047119,1
0.33056641,-0.61700439,-0.22161865,-0.67895508,1
0.31579590,-0.61846924,-0.20935059,-0.68841553,1
0.29730225,-0.62390137,-0.19689941,-0.69543457,1
0.28063965,-0.63061523,-0.18444824,-0.69970703,1
0.26092529,-0.63830566,-0.16943359,-0.70410156,1
0.24761963,-0.64117432,-0.15930176,-0.70867920,1
0.22888184,-0.64392090,-0.14935303,-0.71459961,1
0.21038818,-0.64764404,-0.13970947,-0.71887207,1
0.19775391,-0.65167236,-0.13134766,-0.72039795,1
0.18664551,-0.65411377,-0.12249756,-0.72271729,1
0.17651367,-0.65490723,-0.11694336,-0.72546387,1
0.16589355,-0.65380859,-0.10900879,-0.73016357,1
0.15826416,-0.65234375,-0.10229492,-0.73413086,1
0.14910889,-0.65472412,-0.09143066,-0.73535156,1
0.14038086,-0.65661621,-0.08276367,-0.73638916,1
0.12939453,-0.65582275,-0.07495117,-0.73992920,1
0.11920166,-0.65484619,-0.06768799,-0.74322510,1
0.10778809,-0.65350342,-0.05841064,-0.74688721,1
0.09692383,-0.65295410,-0.05004883,-0.74951172,1
0.08593750,-0.65209961,-0.03973389,-0.75219727,1
0.07574463,-0.65240479,-0.03057861,-0.75347900,1
0.06567383,-0.65008545,-0.01708984,-0.75683594,1
0.05706787,-0.65051270,-0.00860596,-0.75732422,1
0.04779053,-0.65020752,0.00073242,-0.75823975,1
0.04473877,-0.64825439,0.01037598,-0.76000977,1
0.04144287,-0.64959717,0.01293945,-0.75903320,1
0.04156494,-0.65191650,0.01373291,-0.75701904,1
0.04650879,-0.65313721,0.01123047,-0.75573730,1
0.05725098,-0.64916992,0.00952148,-0.75842285,1
0.06848145,-0.64440918,0.00854492,-0.76159668,1
0.08093262,-0.64318848,-0.00085449,-0.76141357,1
0.10070801,-0.64093018,-0.01330566,-0.76086426,1
0.12219238,-0.63830566,-0.02807617,-0.75952148,1
0.14196777,-0.63452148,-0.04132080,-0.75860596,1
0.16601562,-0.63000488,-0.06085205,-0.75616455,1
0.19458008,-0.62445068,-0.08758545,-0.75134277,1
0.23022461,-0.61553955,-0.11682129,-0.74462891,1
0.25854492,-0.60742188,-0.13928223,-0.73809814,1
0.28857422,-0.59893799,-0.16351318,-0.72888184,1
0.30773926,-0.59368896,-0.18090820,-0.72119141,1
0.33142090,-0.58764648,-0.20214844,-0.70989990,1
0.35833740,-0.58312988,-0.22290039,-0.69415283,1
0.38037109,-0.57824707,-0.24047852,-0.68048096,1
0.40844727,-0.56933594,-0.26440430,-0.66265869,1
0.43743896,-0.55633545,-0.29016113,-0.64416504,1
0.46142578,-0.54400635,-0.31134033,-0.62786865,1
0.48559570,-0.53363037,-0.33654785,-0.60510254,1
0.51330566,-0.52276611,-0.36376953,-0.57519531,1
0.53833008,-0.50567627,-0.39013672,-0.54980469,1
0.55590820,-0.49169922,-0.40802002,-0.53167725,1
0.57830811,-0.47576904,-0.42749023,-0.50640869,1
0.59942627,-0.45935059,-0.44555664,-0.48089600,1
0.61883545,-0.44201660,-0.46343994,-0.45483398,1
0.63378906,-0.42535400,-0.47680664,-0.43597412,1
0.65216064,-0.40124512,-0.49475098,-0.41107178,1
0.67065430,-0.37457275,-0.50915527,-0.38818359,1
0.68304443,-0.35626221,-0.51947021,-0.36968994,1
0.69476318,-0.33624268,-0.53308105,-0.34649658,1
0.70520020,-0.31512451,-0.54553223,-0.32525635,1
0.71350098,-0.29626465,-0.55487061,-0.30865479,1
0.72033691,-0.27624512,-0.56732178,-0.28802490,1
0.72442627,-0.26007080,-0.57885742,-0.26928711,1
0.72827148,-0.24700928,-0.58728027,-0.25244141,1
0.73272705,-0.23498535,-0.59191895,-0.23992920,1
0.73913574,-0.21777344,-0.59613037,-0.22558594,1
0.74432373,-0.20117188,-0.60107422,-0.21032715,1
0.74798584,-0.18957520,-0.60437012,-0.19824219,1
0.75079346,-0.17675781,-0.60839844,-0.18695068,1
0.75415039,-0.16540527,-0.60943604,-0.18005371,1
0.75646973,-0.15856934,-0.60998535,-0.17474365,1
0.75769043,-0.15466309,-0.61108398,-0.16894531,1
0.75860596,-0.15216064,-0.61175537,-0.16467285,1
0.75872803,-0.14892578,-0.61346436,-0.16058350,1
0.75769043,-0.14593506,-0.61572266,-0.15954590,1
0.75689697,-0.13940430,-0.61871338,-0.15777588,1
0.75659180,-0.13696289,-0.62054443,-0.15417480,1
0.75592041,-0.13360596,-0.62316895,-0.14971924,1
0.75524902,-0.12957764,-0.62518311,-0.14837646,1
0.75543213,-0.12530518,-0.62640381,-0.14581299,1
0.75628662,-0.11907959,-0.62841797,-0.13775635,1
0.75646973,-0.11425781,-0.63043213,-0.13146973,1
0.75683594,-0.10919189,-0.63214111,-0.12524414,1
0.75628662,-0.10345459,-0.63452148,-0.12127686,1
0.75653076,-0.09320068,-0.63690186,-0.11529541,1
0.75714111,-0.08660889,-0.63763428,-0.11242676,1
0.75787354,-0.08020020,-0.63861084,-0.10668945,1
0.75732422,-0.07281494,-0.64184570,-0.09576416,1
0.75708008,-0.06433105,-0.64483643,-0.08325195,1
0.75732422,-0.05023193,-0.64782715,-0.06463623,1
0.75854492,-0.03509521,-0.64898682,-0.04675293,1
0.75866699,-0.01434326,-0.65081787,-0.02416992,1
0.75927734,0.00640869,-0.65075684,-0.00372314,1
0.75897217,0.02172852,-0.65051270,0.01715088,1
0.75506592,0.04150391,-0.65289307,0.04345703,1
0.74835205,0.06286621,-0.65625000,0.07324219,1
0.74139404,0.08654785,-0.65783691,0.10083008,1
0.73663330,0.10504150,-0.65704346,0.12115479,1
0.73089600,0.12670898,-0.65435791,0.14666748,1
0.72430420,0.14843750,-0.65228271,0.16699219,1
0.72149658,0.16589355,-0.64697266,0.18261719,1
0.72094727,0.18786621,-0.63635254,0.20001221,1
0.71643066,0.20977783,-0.62817383,0.21942139,1
0.71228027,0.22918701,-0.61865234,0.23950195,1
0.70715332,0.24530029,-0.61218262,0.25506592,1
0.70086670,0.26739502,-0.59936523,0.27929688,1
0.69134521,0.28979492,-0.58880615,0.30230713,1
0.68280029,0.30401611,-0.58471680,0.31549072,1
0.67303467,0.32177734,-0.57867432,0.32965088,1
0.66400146,0.33691406,-0.57238770,0.34344482,1
0.65899658,0.34613037,-0.56640625,0.35369873,1
0.65148926,0.35601807,-0.55865479,0.36975098,1
0.64031982,0.36834717,-0.55645752,0.38037109,1
0.63055420,0.38092041,-0.55230713,0.39025879,1
0.62249756,0.39331055,-0.54711914,0.39807129,1
0.61370850,0.40563965,-0.54144287,0.40704346,1
0.60675049,0.41644287,-0.53491211,0.41510010,1
0.60168457,0.42303467,-0.52960205,0.42248535,1
0.59094238,0.43200684,-0.52807617,0.43048096,1
0.58514404,0.43640137,-0.52520752,0.43737793,1
0.58551025,0.43798828,-0.51989746,0.44171143,1
0.58789062,0.43762207,-0.51721191,0.44195557,1
0.59252930,0.43682861,-0.51751709,0.43627930,1
0.59655762,0.43359375,-0.52069092,0.43017578,1
0.60314941,0.42639160,-0.52770996,0.41943359,1
0.61108398,0.41687012,-0.53698730,0.40545654,1
0.61938477,0.40716553,-0.54486084,0.39196777,1
0.63330078,0.39196777,-0.55206299,0.37475586,1
0.64752197,0.37658691,-0.56060791,0.35308838,1
0.66143799,0.35919189,-0.56884766,0.33148193,1
0.67193604,0.34411621,-0.57629395,0.31292725,1
0.68548584,0.32098389,-0.58581543,0.28961182,1
0.70007324,0.29321289,-0.59478760,0.26483154,1
0.71020508,0.27081299,-0.60235596,0.24389648,1
0.72045898,0.23883057,-0.61444092,0.21533203,1
0.73187256,0.20513916,-0.62359619,0.18280029,1
0.74151611,0.17260742,-0.63085938,0.14941406,1
0.74609375,0.14825439,-0.63708496,0.12445068,1
0.74816895,0.12316895,-0.64459229,0.09783936,1
0.75030518,0.10083008,-0.64910889,0.07446289,1
0.75054932,0.08270264,-0.65319824,0.05590820,1
0.75079346,0.05706787,-0.65734863,0.03106689,1
0.75000000,0.03472900,-0.66033936,0.01611328,1
0.74804688,0.00750732,-0.66357422,-0.00665283,1
0.74670410,-0.02105713,-0.66406250,-0.03259277,1
0.74444580,-0.05224609,-0.66320801,-0.05694580,1
0.74230957,-0.07617188,-0.66125488,-0.07696533,1
0.73870850,-0.10400391,-0.65771484,-0.10455322,1
0.73327637,-0.13293457,-0.65313721,-0.13458252,1
0.72515869,-0.16003418,-0.64971924,-0.16241455,1
0.71777344,-0.17950439,-0.64697266,-0.18457031,1
0.71032715,-0.20092773,-0.64184570,-0.20770264,1
0.70178223,-0.22229004,-0.63671875,-0.22955322,1
0.69354248,-0.24090576,-0.63024902,-0.25238037,1
0.67913818,-0.26849365,-0.62322998,-0.27966309,1
0.66491699,-0.29510498,-0.61535645,-0.30358887,1
0.65447998,-0.31304932,-0.60784912,-0.32281494,1
0.63940430,-0.33270264,-0.59936523,-0.34820557,1
0.62286377,-0.35357666,-0.59124756,-0.37072754,1
0.60906982,-0.37145996,-0.58508301,-0.38562012,1
0.59301758,-0.39324951,-0.57470703,-0.40423584,1
0.57580566,-0.41540527,-0.56030273,-0.42651367,1
0.55743408,-0.43841553,-0.54241943,-0.45037842,1
0.54150391,-0.45745850,-0.52783203,-0.46783447,1
0.52679443,-0.47515869,-0.51098633,-0.48541260,1
0.51849365,-0.48504639,-0.49719238,-0.49871826,1
0.50988770,-0.49291992,-0.48333740,-0.51324463,1
0.50177002,-0.50000000,-0.47070312,-0.52606201,1
0.49206543,-0.50848389,-0.45684814,-0.53912354,1
0.48413086,-0.51654053,-0.44299316,-0.55004883,1
0.47705078,-0.52459717,-0.43041992,-0.55853271,1
0.47387695,-0.52978516,-0.42150879,-0.56311035,1
0.47045898,-0.53167725,-0.41027832,-0.57244873,1
0.46484375,-0.53375244,-0.39996338,-0.58233643,1
0.45867920,-0.53869629,-0.39123535,-0.58856201,1
0.45214844,-0.54547119,-0.38232422,-0.59313965,1
0.44567871,-0.55249023,-0.37353516,-0.59716797,1
0.44195557,-0.55859375,-0.36480713,-0.59967041,1
0.43859863,-0.56463623,-0.35394287,-0.60296631,1
0.43725586,-0.56878662,-0.34179688,-0.60699463,1
0.43457031,-0.57196045,-0.33099365,-0.61193848,1
0.42993164,-0.57397461,-0.32415771,-0.61694336,1
0.42425537,-0.57678223,-0.31451416,-0.62322998,1
0.41650391,-0.58135986,-0.30554199,-0.62860107,1
0.40747070,-0.58612061,-0.29962158,-0.63299561,1
0.39709473,-0.59008789,-0.28851318,-0.64105225,1
0.38525391,-0.59411621,-0.27685547,-0.64953613,1
0.37054443,-0.60095215,-0.26245117,-0.65777588,1
0.35791016,-0.60803223,-0.25219727,-0.66223145,1
0.34484863,-0.61480713,-0.24163818,-0.66687012,1
0.33489990,-0.61767578,-0.23260498,-0.67248535,1
0.31835938,-0.62054443,-0.22241211,-0.68127441,1
0.30133057,-0.62384033,-0.21075439,-0.68963623,1
0.28900146,-0.62524414,-0.20147705,-0.69635010,1
0.27703857,-0.62701416,-0.19403076,-0.70172119,1
0.26452637,-0.62841797,-0.18243408,-0.70837402,1
0.25518799,-0.63067627,-0.17449951,-0.71179199,1
0.24371338,-0.63323975,-0.16442871,-0.71594238,1
0.23474121,-0.63525391,-0.15740967,-0.71875000,1
0.22583008,-0.63629150,-0.15075684,-0.72210693,1
0.21691895,-0.63690186,-0.14550781,-0.72534180,1
0.20837402,-0.63726807,-0.13867188,-0.72888184,1
0.20184326,-0.63629150,-0.13201904,-0.73278809,1
0.19720459,-0.63531494,-0.12780762,-0.73559570,1
0.19226074,-0.63470459,-0.12329102,-0.73828125,1
0.19171143,-0.63281250,-0.11846924,-0.74078369,1
0.19226074,-0.63189697,-0.11602783,-0.74182129,1
0.19506836,-0.63000488,-0.11511230,-0.74285889,1
0.20104980,-0.62908936,-0.11724854,-0.74169922,1
0.20489502,-0.62872314,-0.11956787,-0.74053955,1
0.21343994,-0.62719727,-0.12426758,-0.73864746,1
0.22674561,-0.62500000,-0.13085938,-0.73547363,1
0.24053955,-0.62219238,-0.13739014,-0.73217773,1
0.25457764,-0.61840820,-0.14477539,-0.72924805,1
0.27288818,-0.61480713,-0.15692139,-0.72314453,1
0.29162598,-0.61053467,-0.17211914,-0.71594238,1
0.30859375,-0.60455322,-0.18597412,-0.71044922,1
0.33044434,-0.59710693,-0.20831299,-0.70062256,1
0.35064697,-0.58972168,-0.22741699,-0.69104004,1
0.37133789,-0.58215332,-0.24633789,-0.68005371,1
0.38964844,-0.57440186,-0.26300049,-0.67010498,1
0.41302490,-0.56219482,-0.28454590,-0.65753174,1
0.43548584,-0.55200195,-0.30474854,-0.64251709,1
0.45404053,-0.54418945,-0.32092285,-0.62829590,1
0.47436523,-0.53570557,-0.33898926,-0.61077881,1
0.48937988,-0.52478027,-0.35650635,-0.59832764,1
0.50994873,-0.50762939,-0.37915039,-0.58184814,1
0.52850342,-0.48950195,-0.40454102,-0.56335449,1
0.54559326,-0.46777344,-0.42980957,-0.54663086,1
0.55957031,-0.44311523,-0.45233154,-0.53472900,1
0.57055664,-0.42071533,-0.47027588,-0.52569580,1
0.58221436,-0.39227295,-0.49401855,-0.51293945,1
0.58911133,-0.36132812,-0.51745605,-0.50463867,1
0.59289551,-0.33367920,-0.53674316,-0.49896240,1
0.59826660,-0.29772949,-0.55792236,-0.49212646,1
0.60803223,-0.26062012,-0.57763672,-0.47821045,1
0.61816406,-0.23364258,-0.59063721,-0.46307373,1
0.62701416,-0.22100830,-0.59490967,-0.45172119,1
0.63867188,-0.21466064,-0.59857178,-0.43322754,1
0.65417480,-0.21728516,-0.59918213,-0.40716553,1
0.66577148,-0.22674561,-0.59869385,-0.38323975,1
0.67858887,-0.25079346,-0.59399414,-0.35180664,1
0.69213867,-0.26556396,-0.59167480,-0.31677246,1
0.70599365,-0.28167725,-0.59338379,-0.26477051,1
0.71575928,-0.29357910,-0.59686279,-0.21270752,1
0.72039795,-0.29357910,-0.60504150,-0.16943359,1
0.72143555,-0.28558350,-0.61303711,-0.14880371,1
0.72253418,-0.26538086,-0.62152100,-0.14587402,1
0.72528076,-0.23620605,-0.62683105,-0.15887451,1
0.72839355,-0.20129395,-0.63085938,-0.17572021,1
0.73162842,-0.17138672,-0.63275146,-0.18707275,1
0.73565674,-0.13323975,-0.63226318,-0.20318604,1
0.74206543,-0.09808350,-0.62890625,-0.21008301,1
0.74603271,-0.07568359,-0.63037109,-0.20074463,1
0.74566650,-0.06152344,-0.63702393,-0.18548584,1
0.74548340,-0.04693604,-0.64447021,-0.16345215,1
0.74639893,-0.03100586,-0.64825439,-0.14715576,1
0.74945068,-0.01544189,-0.64910889,-0.12945557,1
0.75201416,-0.00305176,-0.65051270,-0.10644531,1
0.75311279,0.00018311,-0.65228271,-0.08569336,1
0.75561523,0.00231934,-0.65258789,-0.05615234,1
0.75769043,0.00006104,-0.65185547,-0.03149414,1
0.75958252,-0.00317383,-0.65032959,-0.00854492,1
0.76037598,-0.00988770,-0.64935303,0.00762939,1
0.75836182,-0.02221680,-0.65087891,0.02734375,1
0.75292969,-0.02813721,-0.65588379,0.04608154,1
0.75018311,-0.02453613,-0.65832520,0.05651855,1
0.74987793,-0.01605225,-0.65881348,0.05834961,1
0.74871826,0.00390625,-0.66058350,0.05444336,1
0.74920654,0.03521729,-0.65972900,0.04705811,1
0.74749756,0.07000732,-0.65979004,0.03198242,1
0.74639893,0.08624268,-0.65942383,0.02496338,1
0.74389648,0.10162354,-0.66003418,0.02557373,1
0.74249268,0.11035156,-0.66021729,0.02514648,1
0.74481201,0.11279297,-0.65722656,0.02288818,1
0.74731445,0.10711670,-0.65557861,0.01641846,1
0.74853516,0.09875488,-0.65557861,0.01239014,1
0.75115967,0.07946777,-0.65527344,0.00665283,1
0.75207520,0.05645752,-0.65661621,-0.00262451,1
0.75366211,0.03381348,-0.65612793,-0.01696777,1
0.75354004,0.02130127,-0.65631104,-0.03106689,1
0.75207520,0.00341797,-0.65698242,-0.05236816,1
0.74987793,-0.01947021,-0.65722656,-0.07330322,1
0.74810791,-0.04199219,-0.65527344,-0.09582520,1
0.74676514,-0.06042480,-0.65209961,-0.11590576,1
0.74212646,-0.08911133,-0.64874268,-0.14306641,1
0.73602295,-0.11560059,-0.64654541,-0.16387939,1
0.73071289,-0.13610840,-0.64453125,-0.17913818,1
0.72326660,-0.15905762,-0.64276123,-0.19616699,1
0.71343994,-0.18469238,-0.63983154,-0.21801758,1
0.70526123,-0.20458984,-0.63616943,-0.23675537,1
0.69451904,-0.22998047,-0.63024902,-0.25988770,1
0.68225098,-0.25653076,-0.62237549,-0.28527832,1
0.67169189,-0.27996826,-0.61529541,-0.30316162,1
0.65631104,-0.31134033,-0.60638428,-0.32342529,1
0.64086914,-0.33752441,-0.59771729,-0.34356689,1
0.62780762,-0.35125732,-0.59405518,-0.35998535,1
0.60589600,-0.36267090,-0.59289551,-0.38708496,1
0.58374023,-0.37158203,-0.59509277,-0.40881348,1
0.56402588,-0.38092041,-0.59753418,-0.42382812,1
0.61022949,-0.29895020,-0.64392090,-0.35156250,1
0.60205078,-0.31616211,-0.63250732,-0.37078857,1
0.59631348,-0.33343506,-0.61425781,-0.39483643,1
0.58752441,-0.35815430,-0.59057617,-0.42163086,1
0.58233643,-0.37902832,-0.56988525,-0.43865967,1
0.57617188,-0.40777588,-0.54388428,-0.45379639,1
0.56304932,-0.46136475,-0.47009277,-0.49914551,1
0.56701660,-0.44439697,-0.51306152,-0.46661377,1
0.56292725,-0.47088623,-0.48919678,-0.47119141,1
0.55773926,-0.49426270,-0.46520996,-0.47772217,1
0.55328369,-0.51000977,-0.44439697,-0.48602295,1
0.54858398,-0.52062988,-0.42663574,-0.49591064,1
0.53643799,-0.53283691,-0.40643311,-0.51293945,1
0.52337646,-0.54241943,-0.38586426,-0.53198242,1
0.51116943,-0.54949951,-0.36846924,-0.54864502,1
0.49969482,-0.55505371,-0.35498047,-0.56231689,1
0.47961426,-0.56152344,-0.34014893,-0.58221436,1
0.45806885,-0.56475830,-0.33404541,-0.59967041,1
0.44995117,-0.56512451,-0.33117676,-0.60699463,1
0.44909668,-0.56494141,-0.32122803,-0.61315918,1
0.44281006,-0.57177734,-0.30438232,-0.61993408,1
0.43475342,-0.58355713,-0.28778076,-0.62261963,1
0.42553711,-0.59509277,-0.27563477,-0.62353516,1
0.41888428,-0.60552979,-0.25872803,-0.62518311,1
0.41412354,-0.61401367,-0.23797607,-0.62841797,1
0.41143799,-0.62042236,-0.21807861,-0.63104248,1
0.41174316,-0.62939453,-0.19226074,-0.63037109,1
0.40997314,-0.63897705,-0.16973877,-0.62835693,1
0.40679932,-0.65057373,-0.14501953,-0.62469482,1
0.40093994,-0.65972900,-0.12683105,-0.62280273,1
0.38873291,-0.66577148,-0.11334229,-0.62670898,1
0.37512207,-0.66778564,-0.10339355,-0.63452148,1
0.36187744,-0.66925049,-0.09606934,-0.64178467,1
0.34466553,-0.67077637,-0.08843994,-0.65075684,1
0.33367920,-0.67053223,-0.08514404,-0.65710449,1
0.32409668,-0.66888428,-0.08331299,-0.66381836,1
0.31591797,-0.66424561,-0.08203125,-0.67248535,1
0.30224609,-0.66088867,-0.08258057,-0.68194580,1
0.29589844,-0.66119385,-0.08569336,-0.68408203,1
0.29522705,-0.66033936,-0.09051514,-0.68450928,1
0.28985596,-0.66021729,-0.09722900,-0.68603516,1
0.28216553,-0.65588379,-0.10131836,-0.69281006,1
0.28167725,-0.65350342,-0.10479736,-0.69470215,1
0.28259277,-0.65203857,-0.11004639,-0.69488525,1
0.28033447,-0.65051270,-0.11553955,-0.69635010,1
0.27685547,-0.65106201,-0.12213135,-0.69610596,1
0.27447510,-0.65118408,-0.13256836,-0.69500732,1
0.27886963,-0.64776611,-0.14306641,-0.69439697,1
0.28503418,-0.64251709,-0.15417480,-0.69433594,1
0.29101562,-0.63629150,-0.16583252,-0.69494629,1
0.29608154,-0.62634277,-0.19018555,-0.69561768,1
0.29339600,-0.61987305,-0.19458008,-0.70129395,1
0.29449463,-0.61633301,-0.19317627,-0.70434570,1
0.29382324,-0.61828613,-0.18267822,-0.70574951,1
0.29980469,-0.62152100,-0.18316650,-0.70019531,1
0.30670166,-0.62530518,-0.18811035,-0.69250488,1
0.31445312,-0.62780762,-0.19555664,-0.68463135,1
0.33020020,-0.62597656,-0.20703125,-0.67547607,1
0.34259033,-0.62200928,-0.21929932,-0.66906738,1
0.35229492,-0.61840820,-0.23004150,-0.66375732,1
0.36962891,-0.61291504,-0.24707031,-0.65319824,1
0.38464355,-0.60699463,-0.26403809,-0.64337158,1
0.40606689,-0.59667969,-0.28546143,-0.63055420,1
0.42785645,-0.58587646,-0.30688477,-0.61602783,1
0.45019531,-0.57257080,-0.32873535,-0.60119629,1
0.46759033,-0.56048584,-0.34759521,-0.58856201,1
0.48754883,-0.54583740,-0.37036133,-0.57202148,1
0.50585938,-0.53491211,-0.39086914,-0.55249023,1
0.52392578,-0.52539062,-0.40649414,-0.53308105,1
0.54064941,-0.51702881,-0.41870117,-0.51483154,1
0.55999756,-0.50433350,-0.43353271,-0.49401855,1
0.57745361,-0.49365234,-0.44470215,-0.47442627,1
0.59124756,-0.48315430,-0.45526123,-0.45794678,1
0.61193848,-0.46203613,-0.47058105,-0.43664551,1
0.62573242,-0.43817139,-0.48559570,-0.42504883,1
0.64056396,-0.39453125,-0.50982666,-0.41729736,1
0.65344238,-0.34082031,-0.53369141,-0.41473389,1
0.66046143,-0.30316162,-0.54730225,-0.41516113,1
0.67010498,-0.27642822,-0.55603027,-0.40667725,1
0.68157959,-0.27166748,-0.56164551,-0.38238525,1
0.69128418,-0.28247070,-0.56524658,-0.35052490,1
0.69775391,-0.29028320,-0.57165527,-0.31951904,1
0.70446777,-0.29077148,-0.58044434,-0.28686523,1
0.70819092,-0.28552246,-0.58691406,-0.26916504,1
0.71087646,-0.27581787,-0.59246826,-0.25982666,1
0.71600342,-0.26397705,-0.59552002,-0.25103760,1
0.72253418,-0.24127197,-0.60021973,-0.24383545,1
0.72229004,-0.20281982,-0.61273193,-0.24841309,1
0.71582031,-0.14764404,-0.63031006,-0.26184082,1
0.71264648,-0.09478760,-0.64166260,-0.26727295,1
0.71118164,-0.03814697,-0.65008545,-0.26489258,1
0.71569824,-0.00195312,-0.65405273,-0.24487305,1
0.72155762,0.01550293,-0.65521240,-0.22326660,1
0.72961426,0.02532959,-0.65551758,-0.19317627,1
0.73895264,0.01574707,-0.65435791,-0.15972900,1
0.74707031,-0.00018311,-0.65606689,-0.10742188,1
0.74981689,-0.01177979,-0.65985107,-0.04748535,1
0.74951172,-0.02166748,-0.66156006,0.00701904,1
0.74841309,-0.02246094,-0.66094971,0.05053711,1
0.74273682,-0.02313232,-0.66229248,0.09564209,1
0.73260498,-0.01690674,-0.66668701,0.13616943,1
0.72033691,-0.00372314,-0.67150879,0.17370605,1
0.71270752,0.01171875,-0.67242432,0.19940186,1
0.70764160,0.03778076,-0.67102051,0.21807861,1
0.71337891,0.07910156,-0.66271973,0.21356201,1
0.72161865,0.11608887,-0.65368652,0.19616699,1
0.73272705,0.16748047,-0.63677979,0.17193604,1
0.74078369,0.21472168,-0.61810303,0.15191650,1
0.74157715,0.24810791,-0.60534668,0.14855957,1
0.73980713,0.27899170,-0.59197998,0.15625000,1
0.73590088,0.29870605,-0.58331299,0.17016602,1
0.73394775,0.30432129,-0.57910156,0.18267822,1
0.73382568,0.29833984,-0.57556152,0.20294189,1
0.73297119,0.28125000,-0.57611084,0.22747803,1
0.72967529,0.26177979,-0.57885742,0.25299072,1
0.71472168,0.24829102,-0.59027100,0.28125000,1
0.69140625,0.25195312,-0.60253906,0.30895996,1
0.66259766,0.28167725,-0.61419678,0.32299805,1
0.64739990,0.30914307,-0.62115479,0.31536865,1
0.63092041,0.35131836,-0.62518311,0.29614258,1
0.61138916,0.39508057,-0.62683105,0.27777100,1
0.58789062,0.43481445,-0.62347412,0.27679443,1
0.56573486,0.46551514,-0.61926270,0.28234863,1
0.54614258,0.49291992,-0.61260986,0.28887939,1
0.55041504,0.49401855,-0.60241699,0.30010986,1
0.56591797,0.48565674,-0.58569336,0.31762695,1
0.58288574,0.46704102,-0.56854248,0.34472656,1
0.59454346,0.44921875,-0.55633545,0.36767578,1
0.61163330,0.41821289,-0.54608154,0.39093018,1
0.62719727,0.38848877,-0.53289795,0.41442871,1
0.63616943,0.36761475,-0.52526855,0.42926025,1
0.64050293,0.36035156,-0.52020264,0.43499756,1
0.64190674,0.36517334,-0.51672363,0.43310547,1
0.63616943,0.38781738,-0.52758789,0.40808105,1
0.63952637,0.39953613,-0.53723145,0.37780762,1
0.63568115,0.43316650,-0.53973389,0.34197998,1
0.62457275,0.46014404,-0.54486084,0.31817627,1
0.60888672,0.47827148,-0.54968262,0.31365967,1
0.59661865,0.48712158,-0.55450439,0.31506348,1
0.58978271,0.48980713,-0.55578613,0.32153320,1
0.59277344,0.48413086,-0.55126953,0.33221436,1
0.60058594,0.47192383,-0.54949951,0.33856201,1
0.61657715,0.44885254,-0.54693604,0.34527588,1
0.62927246,0.42724609,-0.54766846,0.34875488,1
0.64196777,0.40161133,-0.55053711,0.35144043,1
0.65216064,0.37542725,-0.55541992,0.35394287,1
0.65484619,0.36047363,-0.56604004,0.34759521,1
0.65533447,0.35430908,-0.57690430,0.33496094,1
0.64953613,0.35968018,-0.59417725,0.30938721,1
0.63427734,0.37268066,-0.61065674,0.29309082,1
0.61395264,0.38677979,-0.63098145,0.27453613,1
0.60833740,0.38311768,-0.64575195,0.25708008,1
0.61047363,0.36859131,-0.65563965,0.24816895,1
0.61657715,0.34484863,-0.66369629,0.24584961,1
0.63323975,0.31762695,-0.66363525,0.24023438,1
0.65374756,0.28533936,-0.66192627,0.23034668,1
0.67846680,0.24548340,-0.65588379,0.22198486,1
0.69042969,0.21856689,-0.65478516,0.21636963,1
0.70288086,0.18554688,-0.65460205,0.20739746,1
0.70550537,0.16937256,-0.65991211,0.19512939,1
0.69982910,0.16320801,-0.67346191,0.17333984,1
0.69073486,0.15319824,-0.69256592,0.14050293,1
0.68566895,0.14263916,-0.70385742,0.11853027,1
0.67608643,0.13653564,-0.71697998,0.10125732,1
0.66064453,0.11846924,-0.73736572,0.07623291,1
0.64434814,0.10485840,-0.75500488,0.06164551,1
0.64550781,0.08099365,-0.75799561,0.04669189,1
0.66333008,0.06048584,-0.74499512,0.03704834,1
0.68890381,0.03509521,-0.72351074,0.02642822,1
0.71466064,0.00146484,-0.69934082,0.01531982,1
0.72418213,-0.02069092,-0.68927002,0.00646973,1
0.72198486,-0.02709961,-0.69134521,-0.00384521,1
0.70568848,-0.02178955,-0.70788574,-0.02160645,1
0.69073486,-0.01995850,-0.72198486,-0.03521729,1
0.66979980,-0.01727295,-0.74090576,-0.04638672,1
0.63629150,-0.01763916,-0.76861572,-0.06414795,1
0.61505127,-0.02410889,-0.78430176,-0.07751465,1
0.60467529,-0.03851318,-0.79028320,-0.09118652,1
0.59826660,-0.05627441,-0.79254150,-0.10382080,1
0.61486816,-0.08233643,-0.77514648,-0.11987305,1
0.63128662,-0.10467529,-0.75592041,-0.13812256,1
0.65850830,-0.13647461,-0.72265625,-0.15972900,1
0.67999268,-0.16772461,-0.69177246,-0.17590332,1
0.69458008,-0.20196533,-0.66162109,-0.19738770,1
0.69360352,-0.22711182,-0.64868164,-0.21588135,1
0.68426514,-0.24627686,-0.64556885,-0.23315430,1
0.66369629,-0.25653076,-0.65643311,-0.25061035,1
0.64709473,-0.25292969,-0.66784668,-0.26690674,1
0.61602783,-0.24523926,-0.68780518,-0.29547119,1
0.59808350,-0.24395752,-0.69329834,-0.31951904,1
0.59472656,-0.25384521,-0.68768311,-0.33013916,1
0.59503174,-0.26733398,-0.67864990,-0.33746338,1
0.59747314,-0.28900146,-0.65972900,-0.35241699,1
0.60382080,-0.31695557,-0.63317871,-0.36614990,1
0.61657715,-0.35565186,-0.59637451,-0.37109375,1
0.63171387,-0.39270020,-0.55859375,-0.36712646,1
0.64056396,-0.41448975,-0.53594971,-0.36157227,1
0.64605713,-0.43286133,-0.51452637,-0.36120605,1
0.63446045,-0.44689941,-0.50677490,-0.37542725,1
0.61431885,-0.45709229,-0.50366211,-0.39996338,1
0.60400391,-0.45623779,-0.50683594,-0.41247559,1
0.59332275,-0.44738770,-0.51458740,-0.42785645,1
0.58001709,-0.43341064,-0.52520752,-0.44714355,1
0.56707764,-0.42675781,-0.52844238,-0.46588135,1
0.56408691,-0.43139648,-0.52221680,-0.47216797,1
0.56945801,-0.44464111,-0.50592041,-0.47125244,1
0.57653809,-0.45629883,-0.48944092,-0.46887207,1
0.58288574,-0.47229004,-0.46862793,-0.46643066,1
0.58789062,-0.48986816,-0.44433594,-0.46582031,1
0.59014893,-0.50299072,-0.42742920,-0.46472168,1
0.58929443,-0.52062988,-0.40478516,-0.46673584,1
0.58508301,-0.53820801,-0.38330078,-0.47015381,1
0.58050537,-0.55047607,-0.36584473,-0.47558594,1
0.57714844,-0.55627441,-0.35504150,-0.48101807,1
0.56768799,-0.56219482,-0.34924316,-0.48956299,1
0.55389404,-0.56652832,-0.34130859,-0.50573730,1
0.53448486,-0.56701660,-0.34179688,-0.52539062,1
0.51751709,-0.56585693,-0.34008789,-0.54431152,1
0.49603271,-0.56738281,-0.34143066,-0.56164551,1
0.47979736,-0.56579590,-0.33905029,-0.57861328,1
0.46539307,-0.56573486,-0.33850098,-0.59057617,1
0.44964600,-0.56561279,-0.34143066,-0.60107422,1
0.44036865,-0.55926514,-0.35064697,-0.60858154,1
0.43237305,-0.54998779,-0.36163330,-0.61627197,1
0.41619873,-0.54040527,-0.36865234,-0.63153076,1
0.40557861,-0.54125977,-0.35998535,-0.64263916,1
0.40417480,-0.54492188,-0.35131836,-0.64520264,1
0.41412354,-0.55932617,-0.32476807,-0.64050293,1
0.42065430,-0.58270264,-0.29089355,-0.63153076,1
0.42218018,-0.60382080,-0.25830078,-0.62487793,1
0.41851807,-0.61883545,-0.23937988,-0.62017822,1
0.41217041,-0.62701416,-0.23071289,-0.61950684,1
0.40270996,-0.62725830,-0.22497559,-0.62750244,1
0.39263916,-0.62548828,-0.22875977,-0.63421631,1
0.38464355,-0.62139893,-0.23937988,-0.63922119,1
0.37158203,-0.61572266,-0.24841309,-0.64892578,1
0.35235596,-0.62274170,-0.23675537,-0.65722656,1
0.33728027,-0.63934326,-0.21228027,-0.65759277,1
0.32983398,-0.65026855,-0.19854736,-0.65490723,1
0.32171631,-0.66156006,-0.17932129,-0.65319824,1
0.31134033,-0.67144775,-0.16528320,-0.65185547,1
0.30120850,-0.68511963,-0.14392090,-0.64739990,1
0.29492188,-0.70147705,-0.13317871,-0.63500977,1
0.28710938,-0.71423340,-0.12988281,-0.62493896,1
0.26940918,-0.72729492,-0.11401367,-0.62084961,1
0.25036621,-0.74176025,-0.09899902,-0.61425781,1
0.24188232,-0.74755859,-0.07696533,-0.61376953,1
0.23858643,-0.75219727,-0.06030273,-0.61126709,1
0.23266602,-0.75244141,-0.04772949,-0.61431885,1
0.22814941,-0.75415039,-0.04028320,-0.61444092,1
0.22650146,-0.75256348,-0.04174805,-0.61688232,1
0.23065186,-0.74456787,-0.05639648,-0.62390137,1
0.24285889,-0.72515869,-0.08508301,-0.63873291,1
0.25030518,-0.70507812,-0.10296631,-0.65539551,1
0.25512695,-0.69189453,-0.10278320,-0.66754150,1
0.25811768,-0.68957520,-0.09045410,-0.67059326,1
0.25714111,-0.69470215,-0.06005859,-0.66906738,1
0.25488281,-0.69970703,-0.03283691,-0.66656494,1
0.24926758,-0.70635986,0.00537109,-0.66247559,1
0.23840332,-0.72033691,0.04248047,-0.64996338,1
0.23254395,-0.72717285,0.06030273,-0.64306641,1
0.21728516,-0.73620605,0.06182861,-0.63793945,1
0.19519043,-0.73626709,0.04345703,-0.64642334,1
0.16729736,-0.72625732,0.02044678,-0.66644287,1
0.14544678,-0.71331787,0.00860596,-0.68548584,1
0.12561035,-0.69805908,0.01135254,-0.70483398,1
0.11840820,-0.68139648,0.02777100,-0.72174072,1
0.10723877,-0.66857910,0.05114746,-0.73406982,1
0.09228516,-0.66674805,0.07830811,-0.73535156,1
0.07623291,-0.66931152,0.12414551,-0.72857666,1
0.07165527,-0.67840576,0.17089844,-0.71093750,1
0.07440186,-0.68707275,0.19671631,-0.69549561,1
0.05395508,-0.69189453,0.22253418,-0.68475342,1
-0.02838135,-0.68743896,0.24603271,-0.68273926,1
-0.07055664,-0.68029785,0.23284912,-0.69140625,1
-0.10668945,-0.67541504,0.21551514,-0.69714355,1
-0.10913086,-0.67633057,0.20666504,-0.69854736,1
-0.10925293,-0.67236328,0.21051025,-0.70117188,1
-0.12103271,-0.66699219,0.22802734,-0.69891357,1
-0.14575195,-0.65679932,0.27056885,-0.68859863,1
-0.15856934,-0.65032959,0.33270264,-0.66424561,1
-0.15466309,-0.64459229,0.37396240,-0.64862061,1
-0.14379883,-0.64483643,0.39276123,-0.63977051,1
-0.15771484,-0.63842773,0.40582275,-0.63470459,1
-0.17596436,-0.63385010,0.40893555,-0.63244629,1
-0.19763184,-0.63513184,0.39099121,-0.63610840,1
-0.22058105,-0.64056396,0.35522461,-0.64410400,1
-0.23120117,-0.64282227,0.31774902,-0.65753174,1
-0.23895264,-0.63623047,0.31195068,-0.66394043,1
-0.23614502,-0.62652588,0.32525635,-0.66772461,1
-0.23608398,-0.61456299,0.34796143,-0.66741943,1
-0.23510742,-0.59979248,0.39068604,-0.65753174,1
-0.21838379,-0.59881592,0.41943359,-0.64642334,1
-0.20959473,-0.60070801,0.42333984,-0.64501953,1
-0.21661377,-0.60302734,0.41845703,-0.64367676,1
-0.22644043,-0.60345459,0.41302490,-0.64337158,1
-0.23541260,-0.60156250,0.41534424,-0.64044189,1
-0.23168945,-0.60009766,0.41674805,-0.64227295,1
-0.22833252,-0.59625244,0.41772461,-0.64642334,1
-0.22619629,-0.59576416,0.41601562,-0.64874268,1
-0.21569824,-0.60089111,0.41687012,-0.64703369,1
-0.19128418,-0.60949707,0.41003418,-0.65100098,1
-0.17340088,-0.62078857,0.39166260,-0.65661621,1
-0.17108154,-0.64270020,0.34759521,-0.66094971,1
-0.16912842,-0.66192627,0.29754639,-0.66687012,1
-0.15704346,-0.66619873,0.26354980,-0.67974854,1
-0.12933350,-0.66796875,0.24121094,-0.69201660,1
-0.09625244,-0.66632080,0.23602295,-0.70074463,1
-0.04241943,-0.66882324,0.24102783,-0.70196533,1
0.02154541,-0.67785645,0.24176025,-0.69396973,1
0.06353760,-0.68664551,0.22912598,-0.68701172,1
0.07940674,-0.69958496,0.19763184,-0.68206787,1
0.07135010,-0.70660400,0.14172363,-0.68963623,1
0.06756592,-0.70428467,0.06878662,-0.70330811,1
0.07080078,-0.69598389,0.02081299,-0.71423340,1
0.09197998,-0.68591309,-0.02490234,-0.72143555,1
0.12078857,-0.68218994,-0.04364014,-0.71978760,1
0.15466309,-0.68084717,-0.05377197,-0.71392822,1
0.17700195,-0.68511963,-0.05102539,-0.70477295,1
0.20758057,-0.69219971,-0.03875732,-0.69012451,1
0.24255371,-0.70428467,-0.02783203,-0.66656494,1
0.27020264,-0.71856689,-0.03033447,-0.64007568,1
0.28948975,-0.72253418,-0.04052734,-0.62652588,1
0.30181885,-0.72082520,-0.06884766,-0.62011719,1
0.30084229,-0.70538330,-0.11328125,-0.63177490,1
0.30053711,-0.68627930,-0.15771484,-0.64324951,1
0.31262207,-0.65777588,-0.21038818,-0.65222168,1
0.33496094,-0.63604736,-0.24078369,-0.65209961,1
0.36029053,-0.62738037,-0.25183105,-0.64276123,1
0.39904785,-0.62719727,-0.25988770,-0.61627197,1
0.43200684,-0.63885498,-0.25219727,-0.58441162,1
0.46472168,-0.65161133,-0.25421143,-0.54290771,1
0.48681641,-0.65832520,-0.25988770,-0.51190186,1
0.50512695,-0.65795898,-0.27844238,-0.48413086,1
0.50659180,-0.64617920,-0.30767822,-0.48071289,1
0.50671387,-0.62261963,-0.34075928,-0.48937988,1
0.50720215,-0.58349609,-0.37988281,-0.50787354,1
0.51733398,-0.54394531,-0.40930176,-0.51855469,1
0.53509521,-0.52062988,-0.42053223,-0.51556396,1
0.55511475,-0.51330566,-0.42388916,-0.49865723,1
0.57904053,-0.51696777,-0.42358398,-0.46685791,1
0.59594727,-0.53198242,-0.41998291,-0.43060303,1
0.60455322,-0.54437256,-0.42169189,-0.40045166,1
0.61346436,-0.55322266,-0.42895508,-0.36553955,1
0.61706543,-0.55566406,-0.43597412,-0.34698486,1
0.61749268,-0.55145264,-0.44793701,-0.33758545,1
0.61706543,-0.53350830,-0.46472168,-0.34436035,1
0.61541748,-0.50634766,-0.48492432,-0.36010742,1
0.61877441,-0.46777344,-0.50860596,-0.37365723,1
0.62432861,-0.43225098,-0.52862549,-0.37933350,1
0.62847900,-0.39379883,-0.55004883,-0.38391113,1
0.63299561,-0.36676025,-0.56341553,-0.38378906,1
0.63836670,-0.35516357,-0.56823730,-0.37878418,1
0.64556885,-0.34832764,-0.57281494,-0.36572266,1
0.65850830,-0.36114502,-0.56439209,-0.34259033,1
0.67065430,-0.37768555,-0.56030273,-0.30603027,1
0.67504883,-0.39135742,-0.55816650,-0.28204346,1
0.67877197,-0.38873291,-0.56481934,-0.26287842,1
0.67596436,-0.37500000,-0.57611084,-0.26568604,1
0.67626953,-0.34130859,-0.58947754,-0.28063965,1
0.68481445,-0.29113770,-0.60107422,-0.29156494,1
0.69543457,-0.25775146,-0.60253906,-0.29473877,1
0.71331787,-0.23394775,-0.59704590,-0.28277588,1
0.73120117,-0.23266602,-0.58807373,-0.25567627,1
0.74743652,-0.22833252,-0.58343506,-0.22094727,1
0.75286865,-0.22723389,-0.58117676,-0.20916748,1
0.75994873,-0.21954346,-0.57574463,-0.20690918,1
0.76800537,-0.21026611,-0.56695557,-0.21093750,1
0.77172852,-0.20935059,-0.55999756,-0.21691895,1
0.77252197,-0.21173096,-0.55676270,-0.22009277,1
0.76861572,-0.21588135,-0.55993652,-0.22155762,1
0.76116943,-0.22076416,-0.56781006,-0.22235107,1
0.75744629,-0.21826172,-0.57690430,-0.21392822,1
0.75109863,-0.21710205,-0.58990479,-0.20178223,1
0.73431396,-0.22412109,-0.61364746,-0.18438721,1
0.72479248,-0.23187256,-0.62652588,-0.16833496,1
0.71343994,-0.23327637,-0.64544678,-0.14129639,1
0.71051025,-0.23175049,-0.65185547,-0.12860107,1
0.71496582,-0.21881104,-0.65246582,-0.12316895,1
0.72143555,-0.19842529,-0.65289307,-0.11779785,1
0.72027588,-0.17749023,-0.66223145,-0.10534668,1
0.70806885,-0.16528320,-0.68054199,-0.09014893,1
0.69586182,-0.15472412,-0.69696045,-0.07800293,1
0.67492676,-0.13909912,-0.72167969,-0.06585693,1
0.67517090,-0.12243652,-0.72479248,-0.06207275,1
0.67584229,-0.10205078,-0.72747803,-0.05957031,1
0.67578125,-0.08959961,-0.72973633,-0.05224609,1
0.66937256,-0.06982422,-0.73889160,-0.03332520,1
0.64764404,-0.05432129,-0.75976562,-0.01965332,1
0.62640381,-0.04718018,-0.77795410,-0.01110840,1
0.61236572,-0.03179932,-0.78979492,0.01269531,1
0.61010742,-0.01019287,-0.79205322,0.01757812,1
0.63049316,0.00567627,-0.77606201,0.01245117,1
0.64257812,0.02801514,-0.76550293,0.01562500,1
0.63018799,0.05700684,-0.77398682,0.02404785,1
0.61090088,0.07751465,-0.78729248,0.03063965,1
0.58654785,0.10461426,-0.80218506,0.03912354,1
0.55963135,0.12915039,-0.81738281,0.04547119,1
0.54876709,0.14508057,-0.82177734,0.05059814,1
0.56860352,0.15277100,-0.80621338,0.05865479,1
0.60577393,0.15997314,-0.77648926,0.06707764,1
0.62835693,0.17510986,-0.75360107,0.08087158,1
0.62579346,0.20019531,-0.74810791,0.09332275,1
0.60620117,0.24420166,-0.75042725,0.09881592,1
0.59027100,0.28839111,-0.74792480,0.09527588,1
0.58856201,0.31744385,-0.73712158,0.09704590,1
0.59533691,0.33447266,-0.72290039,0.10540771,1
0.60406494,0.33880615,-0.71148682,0.11871338,1
0.61450195,0.32971191,-0.70422363,0.13330078,1
0.62445068,0.29669189,-0.70623779,0.15283203,1
0.63250732,0.23986816,-0.71704102,0.16802979,1
0.63354492,0.20251465,-0.72363281,0.18444824,1
0.63482666,0.17663574,-0.72424316,0.20324707,1
0.62957764,0.18298340,-0.72412109,0.21392822,1
0.61907959,0.21588135,-0.72314453,0.21728516,1
0.61401367,0.25848389,-0.71673584,0.20599365,1
0.60723877,0.30261230,-0.70672607,0.20050049,1
0.58050537,0.34649658,-0.70886230,0.20104980,1
0.55755615,0.37042236,-0.71667480,0.19561768,1
0.54144287,0.38934326,-0.71862793,0.19702148,1
0.53649902,0.39770508,-0.71734619,0.19848633,1
0.54589844,0.39111328,-0.71142578,0.20721436,1
0.56475830,0.37268066,-0.70220947,0.22137451,1
0.59075928,0.34063721,-0.69293213,0.23406982,1
0.61071777,0.30822754,-0.69000244,0.23651123,1
0.62542725,0.27557373,-0.69036865,0.23730469,1
0.63037109,0.26037598,-0.69506836,0.22741699,1
0.62677002,0.26873779,-0.69915771,0.21484375,1
0.60815430,0.30010986,-0.71124268,0.18487549,1
0.58996582,0.33520508,-0.71734619,0.15808105,1
0.58319092,0.34832764,-0.71990967,0.14245605,1
0.58862305,0.33752441,-0.72247314,0.13299561,1
0.60888672,0.30291748,-0.72277832,0.12280273,1
0.63269043,0.25396729,-0.72222900,0.11669922,1
0.65228271,0.20782471,-0.72015381,0.11279297,1
0.67364502,0.14947510,-0.71551514,0.10894775,1
0.69067383,0.09606934,-0.71063232,0.09350586,1
0.70532227,0.04681396,-0.70397949,0.06866455,1
0.71398926,0.01715088,-0.69818115,0.04943848,1
0.71118164,0.00244141,-0.70257568,0.02453613,1
0.70410156,0.00286865,-0.71008301,0.00396729,1
0.69616699,0.00384521,-0.71765137,-0.01641846,1
0.69262695,-0.00891113,-0.71990967,-0.04296875,1
0.69372559,-0.02728271,-0.71765137,-0.05468750,1
0.70104980,-0.05883789,-0.70764160,-0.06542969,1
0.70666504,-0.11199951,-0.69451904,-0.07543945,1
0.70367432,-0.16912842,-0.68481445,-0.08551025,1
0.68579102,-0.22265625,-0.68572998,-0.09918213,1
0.65716553,-0.24377441,-0.70489502,-0.10900879,1
0.63037109,-0.22711182,-0.73162842,-0.12542725,1
0.60168457,-0.20922852,-0.75537109,-0.15374756,1
0.57098389,-0.17822266,-0.78112793,-0.17919922,1
0.56481934,-0.16796875,-0.78417969,-0.19458008,1
0.57043457,-0.18200684,-0.77355957,-0.20758057,1
0.58209229,-0.19757080,-0.75921631,-0.21386719,1
0.60009766,-0.21820068,-0.73748779,-0.22009277,1
0.62438965,-0.24121094,-0.70721436,-0.22747803,1
0.63977051,-0.25897217,-0.68560791,-0.23138428,1
0.65521240,-0.28143311,-0.66027832,-0.23565674,1
0.66357422,-0.29833984,-0.64343262,-0.23797607,1
0.66668701,-0.31811523,-0.62872314,-0.24298096,1
0.65423584,-0.32501221,-0.63647461,-0.24743652,1
0.63659668,-0.31878662,-0.65252686,-0.25952148,1
0.62396240,-0.30804443,-0.66491699,-0.27136230,1
0.60894775,-0.29089355,-0.68328857,-0.27868652,1
0.60723877,-0.28613281,-0.68060303,-0.29364014,1
0.61395264,-0.28955078,-0.67077637,-0.29882812,1
0.62408447,-0.30212402,-0.65551758,-0.29919434,1
0.64093018,-0.32403564,-0.62976074,-0.29608154,1
0.65673828,-0.35375977,-0.59912109,-0.29095459,1
0.66705322,-0.38372803,-0.56951904,-0.28881836,1
0.67242432,-0.41973877,-0.54077148,-0.28149414,1
0.67620850,-0.44555664,-0.51910400,-0.27349854,1
0.67102051,-0.45587158,-0.51678467,-0.27355957,1
0.66259766,-0.45306396,-0.52270508,-0.28717041,1
0.65295410,-0.43713379,-0.53778076,-0.30554199,1
0.64385986,-0.41943359,-0.55261230,-0.32275391,1
0.62786865,-0.40649414,-0.56439209,-0.34930420,1
0.61273193,-0.39288330,-0.58782959,-0.35308838,1
0.60540771,-0.39147949,-0.59716797,-0.35156250,1
0.60723877,-0.39849854,-0.59313965,-0.34735107,1
0.61175537,-0.41925049,-0.57446289,-0.34631348,1
0.61706543,-0.44891357,-0.54492188,-0.34747314,1
0.62457275,-0.47222900,-0.51647949,-0.34661865,1
0.63250732,-0.49572754,-0.48699951,-0.34210205,1
0.63195801,-0.51080322,-0.47021484,-0.34442139,1
0.62091064,-0.52197266,-0.46295166,-0.35736084,1
0.60137939,-0.51934814,-0.47814941,-0.37420654,1
0.56616211,-0.51055908,-0.50512695,-0.40454102,1
0.54046631,-0.50091553,-0.52374268,-0.42736816,1
0.51409912,-0.49987793,-0.53631592,-0.44512939,1
0.49871826,-0.51245117,-0.53100586,-0.45465088,1
0.49792480,-0.52508545,-0.51647949,-0.45782471,1
0.50653076,-0.53930664,-0.49279785,-0.45794678,1
0.51757812,-0.55657959,-0.45812988,-0.46087646,1
0.52722168,-0.57519531,-0.42443848,-0.45941162,1
0.52941895,-0.58587646,-0.40594482,-0.46008301,1
0.52392578,-0.58892822,-0.40252686,-0.46551514,1
0.50140381,-0.58319092,-0.42816162,-0.47448730,1
0.46234131,-0.57769775,-0.45709229,-0.49353027,1
0.43988037,-0.56884766,-0.47344971,-0.50866699,1
0.42639160,-0.56933594,-0.46612549,-0.52612305,1
0.43560791,-0.57879639,-0.43487549,-0.53497314,1
0.44604492,-0.59240723,-0.40106201,-0.53784180,1
0.46380615,-0.60552979,-0.35827637,-0.53839111,1
0.47961426,-0.61651611,-0.33239746,-0.52856445,1
0.48669434,-0.61859131,-0.33154297,-0.52014160,1
0.47839355,-0.61560059,-0.34265137,-0.52416992,1
0.45971680,-0.60400391,-0.37518311,-0.53198242,1
0.43835449,-0.59320068,-0.39532471,-0.54742432,1
0.42486572,-0.57415771,-0.41790771,-0.56146240,1
0.41491699,-0.56481934,-0.43249512,-0.56726074,1
0.40997314,-0.56475830,-0.43713379,-0.56732178,1
0.41442871,-0.56970215,-0.42053223,-0.57171631,1
0.40917969,-0.59210205,-0.37573242,-0.58380127,1
0.41455078,-0.61096191,-0.33367920,-0.58612061,1
0.41510010,-0.62799072,-0.29907227,-0.58636475,1
0.41461182,-0.64306641,-0.27648926,-0.58154297,1
0.40380859,-0.65625000,-0.25726318,-0.58312988,1
0.38562012,-0.66802979,-0.25573730,-0.58276367,1
0.37847900,-0.66674805,-0.26849365,-0.58319092,1
0.37243652,-0.65637207,-0.28839111,-0.58929443,1
0.36639404,-0.65002441,-0.29742432,-0.59564209,1
0.35900879,-0.64898682,-0.28826904,-0.60565186,1
0.35284424,-0.65478516,-0.27362061,-0.60986328,1
0.35363770,-0.66009521,-0.25390625,-0.61218262,1
0.35736084,-0.66760254,-0.22729492,-0.61230469,1
0.35870361,-0.67663574,-0.20007324,-0.61114502,1
0.36322021,-0.68481445,-0.17773438,-0.60620117,1
0.36053467,-0.69439697,-0.16284180,-0.60107422,1
0.35028076,-0.70513916,-0.14624023,-0.59893799,1
0.33758545,-0.70831299,-0.13336182,-0.60540771,1
0.32421875,-0.70751953,-0.12353516,-0.61566162,1
0.31427002,-0.70825195,-0.11645508,-0.62133789,1
0.30029297,-0.70758057,-0.11688232,-0.62890625,1
0.28729248,-0.70477295,-0.12261963,-0.63696289,1
0.27496338,-0.70013428,-0.12237549,-0.64746094,1
0.26574707,-0.69537354,-0.11767578,-0.65728760,1
0.25390625,-0.69293213,-0.10217285,-0.66699219,1
0.24353027,-0.69738770,-0.07800293,-0.66955566,1
0.24096680,-0.70483398,-0.04467773,-0.66571045,1
0.24047852,-0.71545410,-0.01483154,-0.65582275,1
0.23626709,-0.72131348,0.00921631,-0.65100098,1
0.22326660,-0.72613525,0.03729248,-0.64923096,1
0.19946289,-0.72760010,0.06335449,-0.65332031,1
0.16827393,-0.72644043,0.08459473,-0.66088867,1
0.13903809,-0.72412109,0.09692383,-0.66857910,1
0.10229492,-0.71618652,0.10693359,-0.68200684,1
0.07244873,-0.71325684,0.11889648,-0.68695068,1
0.05364990,-0.71423340,0.13507080,-0.68469238,1
0.03948975,-0.71624756,0.14624023,-0.68121338,1
0.02093506,-0.71948242,0.15734863,-0.67614746,1
0.01263428,-0.72027588,0.16967773,-0.67248535,1
0.01531982,-0.72491455,0.17468262,-0.66619873,1
0.02087402,-0.74053955,0.17382812,-0.64886475,1
0.02703857,-0.75488281,0.16882324,-0.63317871,1
0.03686523,-0.75115967,0.16235352,-0.63879395,1
0.05474854,-0.73571777,0.13842773,-0.66076660,1
0.06903076,-0.72332764,0.11212158,-0.67785645,1
0.08520508,-0.72845459,0.09448242,-0.67315674,1
0.12017822,-0.74328613,0.06872559,-0.65447998,1
0.15795898,-0.74090576,0.04278564,-0.65136719,1
0.18072510,-0.73211670,0.01306152,-0.65661621,1
0.20526123,-0.71862793,-0.02331543,-0.66400146,1
0.23699951,-0.71337891,-0.05651855,-0.65710449,1
0.27642822,-0.71899414,-0.09118652,-0.63110352,1
0.30664062,-0.71875000,-0.11181641,-0.61389160,1
0.33892822,-0.71032715,-0.13891602,-0.60107422,1
0.35705566,-0.69769287,-0.17077637,-0.59716797,1
0.37725830,-0.68188477,-0.21875000,-0.58721924,1
0.39111328,-0.67095947,-0.25622559,-0.57550049,1
0.40307617,-0.66265869,-0.29248047,-0.55932617,1
0.41455078,-0.65618896,-0.30969238,-0.54925537,1
0.43237305,-0.64453125,-0.32666016,-0.53936768,1
0.44830322,-0.62786865,-0.34191895,-0.53656006,1
0.45623779,-0.61767578,-0.35577393,-0.53265381,1
0.46350098,-0.61083984,-0.37750244,-0.51916504,1
0.46923828,-0.60485840,-0.39947510,-0.50433350,1
0.47418213,-0.59759521,-0.42321777,-0.48876953,1
0.47229004,-0.58789062,-0.46105957,-0.46771240,1
0.46801758,-0.57727051,-0.48846436,-0.45727539,1
0.47583008,-0.55993652,-0.50366211,-0.45434570,1
0.48760986,-0.54449463,-0.51208496,-0.45111084,1
0.50433350,-0.52410889,-0.51470947,-0.45391846,1
0.52349854,-0.49908447,-0.51702881,-0.45776367,1
0.54522705,-0.47637939,-0.51470947,-0.45922852,1
0.57299805,-0.44793701,-0.51568604,-0.45288086,1
0.59814453,-0.42944336,-0.51318359,-0.44097900,1
0.60321045,-0.42840576,-0.52081299,-0.42590332,1
0.60601807,-0.43438721,-0.53112793,-0.40234375,1
0.60748291,-0.44500732,-0.53802490,-0.37866211,1
0.60968018,-0.44219971,-0.54705811,-0.36529541,1
0.61004639,-0.41326904,-0.56414795,-0.37255859,1
0.60235596,-0.37451172,-0.58312988,-0.39611816,1
0.59857178,-0.33752441,-0.59594727,-0.41546631,1
0.60406494,-0.31835938,-0.60028076,-0.41644287,1
0.61987305,-0.31622314,-0.59655762,-0.39978027,1
0.63696289,-0.33911133,-0.58325195,-0.37292480,1
0.64672852,-0.36859131,-0.56964111,-0.34838867,1
0.66088867,-0.38793945,-0.56176758,-0.31164551,1
0.66802979,-0.38513184,-0.56890869,-0.28576660,1
0.66796875,-0.35278320,-0.58850098,-0.28814697,1
0.66351318,-0.31024170,-0.60809326,-0.30609131,1
0.65954590,-0.25787354,-0.62390137,-0.33050537,1
0.66485596,-0.22821045,-0.62615967,-0.33734131,1
0.67968750,-0.21405029,-0.62365723,-0.32135010,1
0.69482422,-0.22717285,-0.61846924,-0.28833008,1
0.70477295,-0.25042725,-0.61242676,-0.25585938,1
0.71679688,-0.26251221,-0.61254883,-0.20513916,1
0.72412109,-0.26434326,-0.61517334,-0.16540527,1
0.72552490,-0.24383545,-0.62640381,-0.14727783,1
0.72570801,-0.21380615,-0.63427734,-0.15917969,1
0.72570801,-0.15374756,-0.64556885,-0.18164062,1
0.72821045,-0.09851074,-0.65020752,-0.19287109,1
0.73614502,-0.06945801,-0.64825439,-0.18176270,1
0.74609375,-0.05773926,-0.64562988,-0.15216064,1
0.75689697,-0.06341553,-0.64239502,-0.10205078,1
0.76086426,-0.08862305,-0.64111328,-0.04718018,1
0.75781250,-0.09716797,-0.64508057,0.01373291,1
0.75622559,-0.08941650,-0.64685059,0.04187012,1
0.75335693,-0.05523682,-0.65386963,0.04388428,1
0.75274658,-0.01574707,-0.65747070,0.02966309,1
0.75500488,0.03283691,-0.65484619,0.00860596,1
0.75616455,0.07232666,-0.65039062,0.00360107,1
0.75836182,0.09289551,-0.64501953,0.01611328,1
0.75927734,0.10162354,-0.64093018,0.04864502,1
0.75781250,0.08709717,-0.63958740,0.09539795,1
0.74780273,0.06793213,-0.64270020,0.15222168,1
0.73449707,0.06140137,-0.64691162,0.19555664,1
0.72180176,0.07055664,-0.65069580,0.22503662,1
0.71801758,0.10272217,-0.65527344,0.21093750,1
0.72357178,0.13452148,-0.65264893,0.18005371,1
0.73083496,0.17999268,-0.64208984,0.14544678,1
0.73675537,0.20965576,-0.63006592,0.12774658,1
0.73431396,0.22833252,-0.62451172,0.13671875,1
0.73034668,0.22937012,-0.62359619,0.15838623,1
0.72296143,0.20770264,-0.63012695,0.19274902,1
0.71160889,0.18865967,-0.63867188,0.22381592,1
0.69525146,0.17266846,-0.64715576,0.26080322,1
0.68695068,0.17218018,-0.65222168,0.27038574,1
0.68853760,0.19439697,-0.65032959,0.25518799,1
0.69177246,0.24114990,-0.64422607,0.21966553,1
0.69982910,0.28247070,-0.62640381,0.19500732,1
0.69464111,0.32958984,-0.61041260,0.19042969,1
0.69281006,0.34924316,-0.60095215,0.19213867,1
0.68792725,0.36413574,-0.59204102,0.20880127,1
0.68157959,0.36236572,-0.58984375,0.23706055,1
0.67687988,0.34271240,-0.59173584,0.27233887,1
0.67016602,0.32128906,-0.59759521,0.30090332,1
0.65667725,0.30706787,-0.59838867,0.34118652,1
0.63836670,0.31079102,-0.60076904,0.36737061,1
0.63067627,0.32379150,-0.59741211,0.37487793,1
0.62408447,0.36431885,-0.58264160,0.37188721,1
0.62963867,0.40179443,-0.56585693,0.34912109,1
0.63195801,0.43548584,-0.54675293,0.33471680,1
0.63037109,0.47442627,-0.52697754,0.31597900,1
0.62835693,0.49462891,-0.51422119,0.31005859,1
0.60729980,0.52459717,-0.50695801,0.31463623,1
0.58258057,0.54235840,-0.51208496,0.32275391,1
0.56127930,0.54675293,-0.52056885,0.33911133,1
0.55017090,0.54022217,-0.52478027,0.36065674,1
0.54315186,0.52124023,-0.52459717,0.39758301,1
0.53619385,0.49444580,-0.52868652,0.43420410,1
0.52423096,0.47088623,-0.53454590,0.46655273,1
0.50665283,0.46722412,-0.53454590,0.48925781,1
0.48510742,0.48364258,-0.53387451,0.49572754,1
0.47576904,0.50311279,-0.53137207,0.48797607,1
0.46319580,0.52911377,-0.52795410,0.47619629,1
0.44989014,0.55853271,-0.52618408,0.45690918,1
0.43280029,0.58819580,-0.52050781,0.44250488,1
0.41528320,0.61376953,-0.51513672,0.43054199,1
0.40802002,0.62829590,-0.51123047,0.42114258,1
0.40667725,0.63311768,-0.50390625,0.42407227,1
0.41058350,0.62872314,-0.49993896,0.43145752,1
0.41790771,0.61779785,-0.49096680,0.45007324,1
0.43103027,0.59704590,-0.48602295,0.47064209,1
0.44366455,0.57037354,-0.48974609,0.48779297,1
0.44842529,0.53723145,-0.50109863,0.50915527,1
0.44506836,0.51458740,-0.51354980,0.52288818,1
0.43780518,0.50946045,-0.51562500,0.53192139,1
0.43597412,0.52117920,-0.51635742,0.52117920,1
0.43664551,0.55316162,-0.51275635,0.49035645,1
0.43438721,0.59454346,-0.49829102,0.45776367,1
0.43090820,0.62512207,-0.48913574,0.42926025,1
0.43060303,0.64526367,-0.48132324,0.40808105,1
0.42810059,0.64788818,-0.47271729,0.41662598,1
0.42822266,0.63916016,-0.47143555,0.43109131,1
0.43505859,0.61749268,-0.47692871,0.44940186,1
0.44378662,0.58770752,-0.48693848,0.46960449,1
0.44866943,0.56518555,-0.49694824,0.48205566,1
0.44818115,0.54370117,-0.50531006,0.49810791,1
0.43774414,0.54357910,-0.50671387,0.50604248,1
0.43206787,0.55810547,-0.50640869,0.49530029,1
0.43371582,0.58471680,-0.49377441,0.47564697,1
0.43414307,0.62170410,-0.47106934,0.45062256,1
0.43463135,0.65081787,-0.45080566,0.42932129,1
0.43511963,0.66217041,-0.44079590,0.42181396,1
0.44036865,0.65344238,-0.43975830,0.43090820,1
0.44415283,0.63140869,-0.44433594,0.45452881,1
0.45800781,0.59808350,-0.45501709,0.47485352,1
0.46868896,0.57318115,-0.45977783,0.49035645,1
0.48327637,0.54339600,-0.46356201,0.50622559,1
0.49395752,0.52209473,-0.46716309,0.51495361,1
0.50054932,0.50775146,-0.47113037,0.51928711,1
0.50189209,0.51794434,-0.47363281,0.50543213,1
0.50238037,0.54052734,-0.46813965,0.48608398,1
0.51013184,0.56433105,-0.45623779,0.46166992,1
0.52612305,0.57257080,-0.45336914,0.43566895,1
0.54449463,0.55639648,-0.45660400,0.43066406,1
0.55407715,0.53198242,-0.46337891,0.44183350,1
0.56610107,0.49023438,-0.47973633,0.45721436,1
0.57641602,0.44989014,-0.49432373,0.47009277,1
0.58593750,0.41644287,-0.50701904,0.47558594,1
0.58905029,0.39074707,-0.51861572,0.48095703,1
0.59210205,0.38092041,-0.52868652,0.47412109,1
0.60797119,0.38336182,-0.52844238,0.45178223,1
0.62249756,0.39794922,-0.52331543,0.42462158,1
0.64947510,0.40063477,-0.51953125,0.38439941,1
0.67193604,0.38916016,-0.52050781,0.35510254,1
0.68212891,0.36724854,-0.52941895,0.34570312,1
0.68835449,0.32409668,-0.55151367,0.34204102,1
0.68865967,0.28338623,-0.57263184,0.34289551,1
0.68774414,0.23645020,-0.59661865,0.33929443,1
0.68933105,0.20642090,-0.61492920,0.32257080,1
0.70013428,0.18920898,-0.62609863,0.28637695,1
0.71105957,0.18572998,-0.63269043,0.24401855,1
0.72253418,0.18817139,-0.63977051,0.18225098,1
0.72705078,0.19555664,-0.64611816,0.12506104,1
0.72967529,0.19287109,-0.65118408,0.07965088,1
0.73059082,0.17700195,-0.65686035,0.05883789,1
0.73303223,0.14971924,-0.66156006,0.05078125,1
0.73577881,0.10870361,-0.66644287,0.05163574,1
0.73632812,0.06500244,-0.67095947,0.05859375,1
0.73571777,0.01129150,-0.67291260,0.07586670,1
0.72998047,-0.02423096,-0.67742920,0.08746338,1
0.72741699,-0.03900146,-0.68103027,0.07440186,1
0.72454834,-0.03784180,-0.68743896,0.03259277,1
0.71606445,-0.03131104,-0.69702148,-0.02081299,1
0.70874023,-0.02618408,-0.69946289,-0.08843994,1
0.70654297,-0.01770020,-0.69567871,-0.12847900,1
0.70782471,-0.02593994,-0.69061279,-0.14624023,1
0.71051025,-0.04547119,-0.68646240,-0.14788818,1
0.72143555,-0.08349609,-0.67352295,-0.13763428,1
0.73339844,-0.12713623,-0.65814209,-0.11303711,1
0.74084473,-0.17236328,-0.64233398,-0.09381104,1
0.74523926,-0.20086670,-0.63012695,-0.08483887,1
0.73767090,-0.21832275,-0.63153076,-0.09680176,1
0.72546387,-0.21929932,-0.63751221,-0.13842773,1
0.71282959,-0.20092773,-0.64654541,-0.18298340,1
0.70581055,-0.18634033,-0.65039062,-0.20996094,1
0.70391846,-0.18273926,-0.64453125,-0.23596191,1
0.70910645,-0.18975830,-0.63482666,-0.24127197,1
0.71569824,-0.20672607,-0.62365723,-0.23681641,1
0.72613525,-0.23846436,-0.60491943,-0.22344971,1
0.73168945,-0.26940918,-0.58935547,-0.21148682,1
0.73193359,-0.30010986,-0.57348633,-0.21282959,1
0.71661377,-0.31188965,-0.57495117,-0.24206543,1
0.70153809,-0.29571533,-0.58477783,-0.28009033,1
0.69378662,-0.27105713,-0.59436035,-0.30328369,1
0.69012451,-0.25079346,-0.60089111,-0.31585693,1
0.69665527,-0.26263428,-0.58752441,-0.31701660,1
0.70794678,-0.29620361,-0.56420898,-0.30444336,1
0.71234131,-0.33331299,-0.54278564,-0.29467773,1
0.71313477,-0.36602783,-0.52770996,-0.28100586,1
0.70434570,-0.38085938,-0.52667236,-0.28540039,1
0.69030762,-0.37933350,-0.53588867,-0.30401611,1
0.67449951,-0.36010742,-0.55126953,-0.33392334,1
0.66314697,-0.33197021,-0.56811523,-0.35668945,1
0.65618896,-0.32733154,-0.56732178,-0.37481689,1
0.65692139,-0.34515381,-0.54907227,-0.38439941,1
0.66369629,-0.38159180,-0.51953125,-0.37945557,1
0.66967773,-0.41571045,-0.49426270,-0.36669922,1
0.67224121,-0.44470215,-0.47454834,-0.35375977,1
0.65844727,-0.45941162,-0.46899414,-0.36798096,1
0.63513184,-0.45727539,-0.48376465,-0.39184570,1
0.60058594,-0.44281006,-0.50646973,-0.43206787,1
0.57775879,-0.42492676,-0.51605225,-0.46832275,1
0.56738281,-0.43438721,-0.49584961,-0.49346924,1
0.56304932,-0.46136475,-0.47009277,-0.49914551,1
0.56262207,-0.50811768,-0.42425537,-0.49530029,1
0.56768799,-0.55273438,-0.37603760,-0.48046875,1
0.56762695,-0.58343506,-0.34094238,-0.47027588,1
0.54595947,-0.60119629,-0.32379150,-0.48541260,1
0.50006104,-0.61187744,-0.32324219,-0.52056885,1
0.45764160,-0.60498047,-0.34002686,-0.55584717,1
0.43658447,-0.58996582,-0.35620117,-0.57830811,1
0.41387939,-0.58416748,-0.35546875,-0.60089111,1
0.40393066,-0.58886719,-0.33117676,-0.61676025,1
0.40655518,-0.59222412,-0.30773926,-0.62396240,1
0.40692139,-0.59954834,-0.26837158,-0.63476562,1
0.40570068,-0.60821533,-0.22387695,-0.64453125,1
0.39367676,-0.62542725,-0.17169189,-0.65142822,1
0.38275146,-0.63635254,-0.14630127,-0.65356445,1
0.35809326,-0.65118408,-0.13623047,-0.65509033,1
0.32690430,-0.65484619,-0.14776611,-0.66516113,1
0.30334473,-0.65039062,-0.16784668,-0.67584229,1
0.27569580,-0.64630127,-0.20001221,-0.68286133,1
0.25952148,-0.64495850,-0.20666504,-0.68847656,1
0.25830078,-0.64916992,-0.18884277,-0.69006348,1
0.26318359,-0.65246582,-0.16528320,-0.69116211,1
0.26373291,-0.65881348,-0.11456299,-0.69519043,1
0.27380371,-0.66326904,-0.07049561,-0.69293213,1
0.27551270,-0.66778564,-0.04107666,-0.69030762,1
0.26806641,-0.67346191,-0.02703857,-0.68835449,1
0.24420166,-0.68005371,-0.02709961,-0.69073486,1
0.20611572,-0.68627930,-0.03497314,-0.69665527,1
0.17279053,-0.68951416,-0.04974365,-0.70159912,1
0.15173340,-0.68725586,-0.05371094,-0.70837402,1
0.14208984,-0.68597412,-0.04083252,-0.71246338,1
0.13677979,-0.68011475,-0.01959229,-0.71997070,1
0.13146973,-0.67449951,0.01086426,-0.72637939,1
0.12976074,-0.66876221,0.04644775,-0.73059082,1
0.13220215,-0.66906738,0.07409668,-0.72760010,1
0.13647461,-0.67498779,0.09808350,-0.71844482,1
0.12664795,-0.68273926,0.10626221,-0.71173096,1
0.09759521,-0.69409180,0.10101318,-0.70605469,1
0.06915283,-0.69946289,0.08862305,-0.70581055,1
0.04217529,-0.70227051,0.06030273,-0.70806885,1
0.02911377,-0.70092773,0.04260254,-0.71136475,1
0.02001953,-0.69750977,0.03741455,-0.71527100,1
0.02252197,-0.69073486,0.06066895,-0.72021484,1
0.03204346,-0.68475342,0.08905029,-0.72259521,1
0.04254150,-0.67657471,0.13018799,-0.72351074,1
0.04620361,-0.67504883,0.15771484,-0.71923828,1
0.03778076,-0.67395020,0.17987061,-0.71551514,1
0.02545166,-0.67401123,0.19329834,-0.71252441,1
0.00494385,-0.67285156,0.20812988,-0.70989990,1
-0.01135254,-0.67059326,0.21948242,-0.70849609,1
-0.01873779,-0.66809082,0.21966553,-0.71063232,1
-0.02636719,-0.67034912,0.20117188,-0.71380615,1
-0.05218506,-0.67034912,0.18170166,-0.71752930,1
-0.06341553,-0.66180420,0.16540527,-0.72845459,1
-0.05725098,-0.65429688,0.17919922,-0.73248291,1
-0.04211426,-0.64947510,0.20513916,-0.73095703,1
-0.01922607,-0.64617920,0.23120117,-0.72705078,1
-0.00323486,-0.64306641,0.24218750,-0.72650146,1
-0.01171875,-0.64501953,0.24279785,-0.72448730,1
-0.03900146,-0.65161133,0.23492432,-0.72021484,1
-0.05657959,-0.65753174,0.21533203,-0.71978760,1
-0.06970215,-0.65997314,0.18579102,-0.72460938,1
-0.07055664,-0.65753174,0.18194580,-0.72772217,1
-0.04528809,-0.65228271,0.20623779,-0.72796631,1
-0.01373291,-0.64910889,0.23797607,-0.72235107,1
0.02990723,-0.64868164,0.26141357,-0.71411133,1
0.05108643,-0.65527344,0.25396729,-0.70959473,1
0.04107666,-0.66400146,0.21893311,-0.71374512,1
0.02770996,-0.67010498,0.17651367,-0.72045898,1
0.02117920,-0.67114258,0.11657715,-0.73181152,1
0.02380371,-0.66766357,0.07409668,-0.74041748,1
0.03948975,-0.66595459,0.05853271,-0.74267578,1
0.07562256,-0.66510010,0.05108643,-0.74114990,1
0.11230469,-0.66955566,0.06359863,-0.73144531,1
0.15087891,-0.67694092,0.06585693,-0.71740723,1
0.19873047,-0.68621826,0.06146240,-0.69702148,1
0.23144531,-0.69299316,0.04150391,-0.68151855,1
0.23315430,-0.69384766,0.01611328,-0.68115234,1
0.21606445,-0.68957520,-0.02606201,-0.69073486,1
0.20220947,-0.67578125,-0.07403564,-0.70495605,1
0.20312500,-0.66192627,-0.11212158,-0.71276855,1
0.21484375,-0.65460205,-0.12683105,-0.71362305,1
0.24359131,-0.65606689,-0.12701416,-0.70294189,1
0.27288818,-0.66217041,-0.12030029,-0.68743896,1
0.29797363,-0.66516113,-0.12145996,-0.67376709,1
0.31829834,-0.66314697,-0.13336182,-0.66418457,1
0.32708740,-0.65747070,-0.15966797,-0.65972900,1
0.33367920,-0.64697266,-0.19555664,-0.65710449,1
0.34851074,-0.63647461,-0.22637939,-0.64978027,1
0.36700439,-0.62585449,-0.25964355,-0.63732910,1
0.37921143,-0.62286377,-0.27221680,-0.62786865,1
0.39630127,-0.62536621,-0.26959229,-0.61572266,1
0.40875244,-0.62957764,-0.25549316,-0.60937500,1
0.41717529,-0.62957764,-0.25457764,-0.60400391,1
0.43243408,-0.62298584,-0.27453613,-0.59124756,1
0.44781494,-0.60565186,-0.31567383,-0.57702637,1
0.46154785,-0.58270264,-0.35668945,-0.56585693,1
0.47100830,-0.56536865,-0.38415527,-0.55761719,1
0.48931885,-0.54583740,-0.40399170,-0.54718018,1
0.50988770,-0.53906250,-0.40631104,-0.53326416,1
0.53735352,-0.55310059,-0.38568115,-0.50653076,1
0.56622314,-0.56408691,-0.37518311,-0.46948242,1
0.59631348,-0.57238770,-0.37322998,-0.42126465,1
0.61065674,-0.56530762,-0.38983154,-0.39447021,1
0.61260986,-0.54479980,-0.41491699,-0.39471436,1
0.60931396,-0.50354004,-0.45379639,-0.41137695,1
0.60693359,-0.45300293,-0.49182129,-0.42956543,1
0.61291504,-0.41271973,-0.51391602,-0.43579102,1
0.62945557,-0.38232422,-0.52362061,-0.42828369,1
0.64831543,-0.38720703,-0.51824951,-0.40155029,1
0.66687012,-0.40771484,-0.50384521,-0.36761475,1
0.69030762,-0.42541504,-0.49804688,-0.30731201,1
0.70288086,-0.42132568,-0.50671387,-0.26770020,1
0.70306396,-0.39050293,-0.53143311,-0.26593018,1
0.69696045,-0.35833740,-0.55371094,-0.28155518,1
0.68841553,-0.31494141,-0.57739258,-0.30578613,1
0.68591309,-0.27166748,-0.59649658,-0.31610107,1
0.69213867,-0.24951172,-0.60498047,-0.30438232,1
0.69952393,-0.24688721,-0.60754395,-0.28375244,1
0.70648193,-0.26098633,-0.60693359,-0.25378418,1
0.71215820,-0.28338623,-0.60424805,-0.21765137,1
0.71508789,-0.29034424,-0.60742188,-0.18811035,1
0.71728516,-0.27850342,-0.61474609,-0.17321777,1
0.71325684,-0.24420166,-0.63183594,-0.17993164,1
0.71191406,-0.20977783,-0.64270020,-0.18994141,1
0.71142578,-0.16705322,-0.65313721,-0.19842529,1
0.71185303,-0.13104248,-0.65997314,-0.20147705,1
0.71343994,-0.11083984,-0.66339111,-0.19653320,1
0.71844482,-0.09362793,-0.66784668,-0.17034912,1
0.72131348,-0.08819580,-0.67321777,-0.13665771,1
0.72363281,-0.08758545,-0.67590332,-0.10906982,1
0.72595215,-0.10162354,-0.67559814,-0.07928467,1
0.72747803,-0.10638428,-0.67694092,-0.03540039,1
0.72918701,-0.10131836,-0.67675781,0.00463867,1
0.72576904,-0.08203125,-0.68243408,0.02764893,1
0.71746826,-0.04876709,-0.69427490,0.02880859,1
0.70263672,0.00482178,-0.71124268,0.02062988,1
0.68572998,0.06323242,-0.72473145,0.02197266,1
0.67565918,0.09558105,-0.73022461,0.03314209,1
0.67260742,0.11254883,-0.72918701,0.05639648,1
0.68176270,0.10217285,-0.71960449,0.08319092,1
0.69067383,0.08422852,-0.71026611,0.10711670,1
0.69848633,0.06817627,-0.69781494,0.14318848,1
0.69946289,0.07012939,-0.69152832,0.16613770,1
0.68823242,0.09533691,-0.69689941,0.17767334,1
0.66870117,0.12854004,-0.71276855,0.16796875,1
0.64251709,0.16717529,-0.73016357,0.16143799,1
0.62255859,0.19342041,-0.74053955,0.16296387,1
0.61853027,0.20300293,-0.74011230,0.16864014,1
0.64294434,0.18365479,-0.72027588,0.18469238,1
0.66619873,0.15289307,-0.70190430,0.20025635,1
0.67437744,0.14831543,-0.68969727,0.21807861,1
0.67285156,0.16271973,-0.68646240,0.22253418,1
0.67230225,0.18188477,-0.68646240,0.20898438,1
0.66931152,0.20642090,-0.68646240,0.19525146,1
0.66223145,0.24395752,-0.68737793,0.17175293,1
0.65936279,0.28247070,-0.67913818,0.15576172,1
0.66040039,0.30761719,-0.66973877,0.14385986,1
0.66986084,0.31298828,-0.65753174,0.14483643,1
0.67498779,0.28332520,-0.66040039,0.16723633,1
0.66857910,0.25256348,-0.67083740,0.19812012,1
0.64978027,0.22320557,-0.68658447,0.23767090,1
0.62817383,0.21502686,-0.70166016,0.25854492,1
0.61425781,0.22552490,-0.71484375,0.24670410,1
0.60620117,0.26409912,-0.71942139,0.21264648,1
0.59741211,0.32043457,-0.71362305,0.17645264,1
0.58245850,0.37622070,-0.70440674,0.15155029,1
0.58282471,0.39398193,-0.69787598,0.13464355,1
0.60119629,0.38739014,-0.68469238,0.14031982,1
0.61737061,0.36517334,-0.67755127,0.16247559,1
0.63958740,0.31933594,-0.67218018,0.19262695,1
0.63940430,0.29943848,-0.67236328,0.22235107,1
0.63842773,0.28320312,-0.67028809,0.25085449,1
0.63598633,0.29058838,-0.66772461,0.25549316,1
0.62829590,0.32751465,-0.66375732,0.23968506,1
0.62585449,0.37524414,-0.64788818,0.21856689,1
0.62249756,0.41741943,-0.62890625,0.20666504,1
0.62817383,0.44476318,-0.60650635,0.19940186,1
0.62847900,0.45874023,-0.59234619,0.20904541,1
0.63049316,0.45227051,-0.58435059,0.23754883,1
0.62963867,0.43634033,-0.58453369,0.26739502,1
0.62438965,0.41436768,-0.58856201,0.30346680,1
0.61614990,0.40130615,-0.58953857,0.33428955,1
0.60955811,0.40313721,-0.58666992,0.34893799,1
0.59259033,0.43762207,-0.58081055,0.34643555,1
0.57537842,0.49426270,-0.56195068,0.32995605,1
0.56903076,0.54229736,-0.53173828,0.31512451,1
0.56860352,0.56341553,-0.50939941,0.31579590,1
0.57012939,0.56622314,-0.49194336,0.33508301,1
0.56768799,0.55590820,-0.48669434,0.36303711,1
0.55963135,0.53411865,-0.48828125,0.40386963,1
0.54772949,0.51666260,-0.49145508,0.43762207,1
0.53765869,0.51507568,-0.48822021,0.45532227,1
0.51831055,0.54364014,-0.46990967,0.46368408,1
0.49877930,0.58978271,-0.44061279,0.45739746,1
0.48638916,0.62512207,-0.40649414,0.45544434,1
0.48272705,0.64062500,-0.38378906,0.45751953,1
0.48089600,0.64251709,-0.36614990,0.47094727,1
0.47882080,0.62792969,-0.36022949,0.49670410,1
0.47247314,0.60363770,-0.36437988,0.52880859,1
0.46044922,0.58776855,-0.36773682,0.55432129,1
0.43896484,0.58374023,-0.36572266,0.57690430,1
0.42266846,0.59332275,-0.34924316,0.58935547,1
0.41125488,0.61901855,-0.31994629,0.58758545,1
0.41430664,0.64831543,-0.27563477,0.57623291,1
0.42065430,0.67181396,-0.22888184,0.56512451,1
0.42376709,0.68103027,-0.20153809,0.56219482,1
0.41674805,0.68017578,-0.18566895,0.57379150,1
0.40136719,0.67517090,-0.18426514,0.59082031,1
0.37213135,0.66546631,-0.18957520,0.61865234,1
0.33740234,0.65240479,-0.21044922,0.64514160,1
0.29064941,0.64752197,-0.23077393,0.66552734,1
0.24938965,0.65063477,-0.23162842,0.67883301,1
0.20874023,0.66284180,-0.21875000,0.68499756,1
0.18170166,0.68389893,-0.18579102,0.68176270,1
0.17034912,0.70880127,-0.13696289,0.67071533,1
0.15423584,0.72583008,-0.08349609,0.66516113,1
0.13000488,0.73846436,-0.02178955,0.66131592,1
0.10223389,0.74029541,0.02001953,0.66412354,1
0.07305908,0.73651123,0.04016113,0.67126465,1
0.02880859,0.72821045,0.04449463,0.68334961,1
-0.01550293,0.71820068,0.02508545,0.69519043,1
-0.05273438,0.71343994,0.00457764,0.69866943,1
-0.10607910,0.71118164,-0.00195312,0.69494629,1
-0.13592529,0.71533203,0.01312256,0.68530273,1
-0.14282227,0.72369385,0.05310059,0.67309570,1
-0.13427734,0.73431396,0.12121582,0.65429688,1
-0.12231445,0.73217773,0.18554688,0.64379883,1
-0.11572266,0.72784424,0.22344971,0.63793945,1
-0.11566162,0.72088623,0.25677490,0.63323975,1
-0.11968994,0.71282959,0.27923584,0.63208008,1
-0.12908936,0.70416260,0.29003906,0.63507080,1
-0.14337158,0.69830322,0.28356934,0.64141846,1
-0.17449951,0.69226074,0.26098633,0.64978027,1
-0.21246338,0.68890381,0.23095703,0.65344238,1
-0.23931885,0.69036865,0.21112061,0.64929199,1
-0.26477051,0.69207764,0.21191406,0.63714600,1
-0.25592041,0.69378662,0.24224854,0.62811279,1
-0.23767090,0.68768311,0.27624512,0.62792969,1
-0.21197510,0.67675781,0.31896973,0.62872314,1
-0.19317627,0.66680908,0.34063721,0.63409424,1
-0.19299316,0.66186523,0.34320068,0.63787842,1
-0.20727539,0.66076660,0.32751465,0.64276123,1
-0.22412109,0.66412354,0.29095459,0.65118408,1
-0.24340820,0.66949463,0.24444580,0.65789795,1
-0.26129150,0.67279053,0.21905518,0.65655518,1
-0.26623535,0.67803955,0.21691895,0.64984131,1
-0.25543213,0.67425537,0.23663330,0.65130615,1
-0.23742676,0.67230225,0.26812744,0.64782715,1
-0.20733643,0.67138672,0.30432129,0.64312744,1
-0.18603516,0.67218018,0.33538818,0.63330078,1
-0.17694092,0.67602539,0.34136963,0.62860107,1
-0.18255615,0.67816162,0.33215332,0.62963867,1
-0.19476318,0.68041992,0.30920410,0.63519287,1
-0.20648193,0.67968750,0.28527832,0.64343262,1
-0.21392822,0.68157959,0.25488281,0.65173340,1
-0.21270752,0.68432617,0.21850586,0.66235352,1
-0.21026611,0.68786621,0.19335938,0.66723633,1
-0.20263672,0.69396973,0.17041016,0.66961670,1
-0.18530273,0.70202637,0.17932129,0.66381836,1
-0.16040039,0.70892334,0.19677734,0.65802002,1
-0.12982178,0.71069336,0.22521973,0.65374756,1
-0.09643555,0.71197510,0.23645020,0.65417480,1
-0.07672119,0.70935059,0.22607422,0.66320801,1
-0.07379150,0.70776367,0.20587158,0.67175293,1
-0.07489014,0.70648193,0.16442871,0.68426514,1
-0.08020020,0.70343018,0.11468506,0.69689941,1
-0.08367920,0.69775391,0.05963135,0.70892334,1
-0.07678223,0.69274902,0.02136230,0.71673584,1
-0.05755615,0.69061279,-0.01000977,0.72082520,1
-0.03259277,0.69506836,-0.02008057,0.71795654,1
0.00799561,0.70080566,-0.02178955,0.71295166,1
0.04876709,0.70953369,-0.00671387,0.70294189,1
0.08197021,0.71533203,0.00006104,0.69390869,1
0.11633301,0.71478271,-0.01354980,0.68945312,1
0.13177490,0.70562744,-0.05517578,0.69403076,1
0.13568115,0.69171143,-0.11389160,0.70013428,1
0.13269043,0.67773438,-0.16192627,0.70489502,1
0.13354492,0.66052246,-0.20983887,0.70837402,1
0.15350342,0.65191650,-0.23510742,0.70434570,1
0.18017578,0.65393066,-0.24176025,0.69384766,1
0.22497559,0.65771484,-0.24322510,0.67651367,1
0.26568604,0.66674805,-0.23364258,0.65600586,1
0.30590820,0.67175293,-0.22717285,0.63525391,1
0.33319092,0.66784668,-0.23150635,0.62396240,1
0.35791016,0.66186523,-0.24804688,0.61016846,1
0.37420654,0.65313721,-0.26849365,0.60107422,1
0.39050293,0.63592529,-0.29852295,0.59497070,1
0.40228271,0.60638428,-0.33795166,0.59686279,1
0.41394043,0.57305908,-0.38006592,0.59643555,1
0.42419434,0.53039551,-0.42724609,0.59686279,1
0.43762207,0.50231934,-0.46051025,0.58660889,1
0.46392822,0.48706055,-0.48205566,0.56140137,1
0.49127197,0.48724365,-0.49035645,0.52984619,1
0.52636719,0.49322510,-0.49206543,0.48742676,1
0.55499268,0.50195312,-0.49090576,0.44610596,1
0.58465576,0.49285889,-0.49572754,0.41174316,1
0.60150146,0.47729492,-0.50506592,0.39404297,1
0.61511230,0.44567871,-0.52392578,0.38537598,1
0.62762451,0.40209961,-0.54498291,0.38391113,1
0.63635254,0.36383057,-0.56304932,0.38177490,1
0.64477539,0.31298828,-0.58679199,0.37683105,1
0.64752197,0.27056885,-0.60571289,0.37500000,1
0.64788818,0.25213623,-0.61828613,0.36657715,1
0.65423584,0.24560547,-0.63226318,0.33447266,1
0.66912842,0.25030518,-0.63403320,0.29595947,1
0.67095947,0.26458740,-0.64221191,0.25964355,1
0.66302490,0.27929688,-0.66094971,0.21343994,1
0.64916992,0.28979492,-0.67926025,0.18237305,1
0.65496826,0.27526855,-0.68200684,0.17340088,1
0.67425537,0.24304199,-0.67486572,0.17590332,1
0.69921875,0.19610596,-0.66271973,0.18280029,1
0.72021484,0.15124512,-0.64965820,0.19085693,1
0.72833252,0.11883545,-0.64752197,0.18994141,1
0.72113037,0.09979248,-0.66223145,0.17736816,1
0.70733643,0.08709717,-0.68634033,0.14501953,1
0.69281006,0.08923340,-0.70581055,0.11749268,1
0.68432617,0.08691406,-0.71881104,0.08666992,1
0.67980957,0.08068848,-0.72625732,0.06195068,1
0.68719482,0.06140137,-0.72247314,0.04534912,1
0.70257568,0.02587891,-0.71032715,0.03393555,1
0.71575928,-0.02783203,-0.69744873,0.02093506,1
0.71685791,-0.06170654,-0.69421387,0.01800537,1
0.69909668,-0.08258057,-0.71014404,0.01110840,1
0.67248535,-0.08605957,-0.73492432,-0.01501465,1
0.65979004,-0.08050537,-0.74609375,-0.03948975,1
0.65905762,-0.06561279,-0.74658203,-0.06292725,1
0.66705322,-0.06475830,-0.73699951,-0.08740234,1
0.67944336,-0.08306885,-0.72125244,-0.10620117,1
0.68890381,-0.11468506,-0.70574951,-0.11889648,1
0.69122314,-0.15600586,-0.69494629,-0.12188721,1
0.68115234,-0.18426514,-0.69860840,-0.11846924,1
0.66882324,-0.20123291,-0.70440674,-0.12634277,1
0.64434814,-0.20214844,-0.72430420,-0.13891602,1
0.62615967,-0.18756104,-0.74108887,-0.15344238,1
0.61962891,-0.17578125,-0.74591064,-0.16961670,1
0.62237549,-0.16888428,-0.73956299,-0.19268799,1
0.63397217,-0.17584229,-0.72308350,-0.21051025,1
0.64935303,-0.18841553,-0.70495605,-0.21405029,1
0.67211914,-0.22534180,-0.67089844,-0.21771240,1
0.68780518,-0.27136230,-0.63745117,-0.21655273,1
0.69543457,-0.31292725,-0.61199951,-0.20953369,1
0.69488525,-0.34112549,-0.60052490,-0.20043945,1
0.68804932,-0.36956787,-0.59466553,-0.19079590,1
0.66943359,-0.39361572,-0.60119629,-0.18835449,1
0.65582275,-0.38134766,-0.62579346,-0.18127441,1
0.64056396,-0.35913086,-0.65344238,-0.18347168,1
0.62725830,-0.32769775,-0.67907715,-0.19488525,1
0.62377930,-0.30749512,-0.68829346,-0.20635986,1
0.63269043,-0.30944824,-0.67596436,-0.21673584,1
0.65399170,-0.33087158,-0.64312744,-0.22186279,1
0.67102051,-0.37438965,-0.59967041,-0.22357178,1
0.67883301,-0.40136719,-0.57672119,-0.21313477,1
0.68395996,-0.42181396,-0.56213379,-0.19586182,1
0.67980957,-0.42852783,-0.56433105,-0.18914795,1
0.67010498,-0.42083740,-0.57983398,-0.19409180,1
0.64868164,-0.39953613,-0.61419678,-0.20568848,1
0.62567139,-0.37969971,-0.64312744,-0.22515869,1
0.60955811,-0.36651611,-0.66107178,-0.23889160,1
0.60485840,-0.36157227,-0.66101074,-0.25793457,1
0.60925293,-0.37481689,-0.64312744,-0.27325439,1
0.62158203,-0.40875244,-0.60192871,-0.29028320,1
0.63507080,-0.43066406,-0.57177734,-0.29040527,1
0.63946533,-0.46374512,-0.53680420,-0.29632568,1
0.62579346,-0.49700928,-0.51464844,-0.31054688,1
0.60516357,-0.51165771,-0.51843262,-0.32128906,1
0.58416748,-0.51367188,-0.53344727,-0.33215332,1
0.56713867,-0.49310303,-0.56225586,-0.34509277,1
0.55676270,-0.47003174,-0.58435059,-0.35723877,1
0.53918457,-0.46063232,-0.59045410,-0.38531494,1
0.53369141,-0.46527100,-0.57403564,-0.41125488,1
0.53845215,-0.47918701,-0.54937744,-0.42266846,1
0.54907227,-0.50390625,-0.50817871,-0.43164062,1
0.55145264,-0.54113770,-0.45825195,-0.43945312,1
0.55023193,-0.57196045,-0.42413330,-0.43609619,1
0.54687500,-0.58770752,-0.40808105,-0.43475342,1
0.53332520,-0.59527588,-0.41363525,-0.43603516,1
0.51062012,-0.59039307,-0.44042969,-0.44360352,1
0.49310303,-0.57257080,-0.46752930,-0.45874023,1
0.48272705,-0.55987549,-0.47821045,-0.47412109,1
0.48248291,-0.55688477,-0.46350098,-0.49212646,1
0.49652100,-0.56713867,-0.42858887,-0.49816895,1
0.51068115,-0.58123779,-0.39135742,-0.49816895,1
0.52441406,-0.60052490,-0.34741211,-0.49359131,1
0.52673340,-0.61981201,-0.31689453,-0.48785400,1
0.51831055,-0.63220215,-0.31121826,-0.48455811,1
0.49560547,-0.64257812,-0.32238770,-0.48730469,1
0.46954346,-0.63757324,-0.35351562,-0.49798584,1
0.44750977,-0.63226318,-0.37512207,-0.50915527,1
0.42883301,-0.62634277,-0.40551758,-0.50927734,1
0.42016602,-0.63055420,-0.40167236,-0.51428223,1
0.43145752,-0.63391113,-0.37969971,-0.51757812,1
0.44635010,-0.63690186,-0.35278320,-0.52026367,1
0.46350098,-0.64483643,-0.31079102,-0.52227783,1
0.47796631,-0.65191650,-0.27905273,-0.51837158,1
0.47613525,-0.66229248,-0.25628662,-0.51861572,1
0.47106934,-0.67077637,-0.24340820,-0.51855469,1
0.46392822,-0.67681885,-0.23699951,-0.52008057,1
0.46032715,-0.67883301,-0.24035645,-0.51916504,1
0.45660400,-0.68218994,-0.24243164,-0.51702881,1
0.45660400,-0.68450928,-0.24224854,-0.51403809,1
0.45092773,-0.69140625,-0.24700928,-0.50750732,1
0.43328857,-0.70568848,-0.26116943,-0.49609375,1
0.41723633,-0.71575928,-0.27728271,-0.48651123,1
0.40753174,-0.71990967,-0.28375244,-0.48492432,1
0.39758301,-0.72332764,-0.29455566,-0.48162842,1
0.39129639,-0.71630859,-0.31396484,-0.48498535,1
0.39312744,-0.69836426,-0.34222412,-0.49053955,1
0.40625000,-0.67559814,-0.36260986,-0.49700928,1
0.42218018,-0.64953613,-0.37475586,-0.50939941,1
0.43591309,-0.63311768,-0.37310791,-0.51959229,1
0.45141602,-0.62866211,-0.35345459,-0.52545166,1
0.46197510,-0.63287354,-0.33392334,-0.52398682,1
0.48376465,-0.63201904,-0.33081055,-0.50701904,1
0.49194336,-0.63293457,-0.34124756,-0.49084473,1
0.48852539,-0.62542725,-0.35791016,-0.49200439,1
0.48077393,-0.61096191,-0.38488770,-0.49737549,1
0.47576904,-0.59008789,-0.41424561,-0.50378418,1
0.48101807,-0.58612061,-0.41156006,-0.50567627,1
0.49542236,-0.59539795,-0.38787842,-0.49963379,1
0.52392578,-0.59539795,-0.38665771,-0.47064209,1
0.53436279,-0.58715820,-0.40228271,-0.45593262,1
0.53216553,-0.56317139,-0.43652344,-0.45721436,1
0.52661133,-0.52276611,-0.48492432,-0.46282959,1
0.52343750,-0.48681641,-0.51916504,-0.46850586,1
0.52850342,-0.46667480,-0.53936768,-0.46051025,1
0.54492188,-0.45794678,-0.54541016,-0.44256592,1
0.56384277,-0.47106934,-0.53228760,-0.42047119,1
0.58843994,-0.48156738,-0.51873779,-0.39074707,1
0.60583496,-0.47625732,-0.52416992,-0.36248779,1
0.61230469,-0.45623779,-0.54742432,-0.34246826,1
0.61071777,-0.41882324,-0.58239746,-0.33532715,1
0.60449219,-0.38641357,-0.61260986,-0.33166504,1
0.59625244,-0.35449219,-0.64575195,-0.31903076,1
0.60406494,-0.33923340,-0.65417480,-0.30346680,1
0.61694336,-0.34881592,-0.64239502,-0.29150391,1
0.63403320,-0.37225342,-0.62408447,-0.26452637,1
0.65362549,-0.38079834,-0.61437988,-0.22424316,1
0.66320801,-0.37725830,-0.61614990,-0.19543457,1
0.66394043,-0.35980225,-0.63055420,-0.17907715,1
0.66217041,-0.33081055,-0.64837646,-0.17810059,1
0.66320801,-0.29650879,-0.66473389,-0.17419434,1
0.66247559,-0.24261475,-0.68896484,-0.16613770,1
0.66210938,-0.18884277,-0.70770264,-0.15838623,1
0.66168213,-0.15057373,-0.71875000,-0.15155029,1
0.66729736,-0.13183594,-0.71960449,-0.13970947,1
0.68121338,-0.12963867,-0.71069336,-0.11865234,1
0.69909668,-0.14532471,-0.69360352,-0.09545898,1
0.71179199,-0.15240479,-0.68261719,-0.06463623,1
0.71691895,-0.14770508,-0.67999268,-0.04254150,1
0.71472168,-0.11895752,-0.68872070,-0.02667236,1
0.70269775,-0.08062744,-0.70629883,-0.02935791,1
0.69506836,-0.04461670,-0.71667480,-0.03527832,1
0.68402100,0.00427246,-0.72827148,-0.04107666,1
0.67724609,0.03308105,-0.73364258,-0.04486084,1
0.67535400,0.05670166,-0.73431396,-0.03863525,1
0.68347168,0.06036377,-0.72717285,-0.02124023,1
0.69995117,0.03485107,-0.71331787,-0.00079346,1
0.70861816,0.01422119,-0.70513916,0.02209473,1
0.71453857,-0.00189209,-0.69738770,0.05505371,1
0.71112061,0.00549316,-0.69836426,0.08105469,1
0.70434570,0.03289795,-0.70391846,0.08593750,1
0.69403076,0.06933594,-0.71185303,0.08203125,1
0.67346191,0.13500977,-0.72241211,0.07971191,1
0.65924072,0.18682861,-0.72497559,0.07019043,1
0.65100098,0.22326660,-0.72198486,0.07110596,1
0.65173340,0.24609375,-0.71307373,0.07843018,1
0.66003418,0.24682617,-0.70275879,0.09747314,1
0.67059326,0.23406982,-0.69366455,0.11975098,1
0.67864990,0.21691895,-0.68359375,0.15838623,1
0.67779541,0.20153809,-0.67926025,0.19647217,1
0.67285156,0.19940186,-0.67535400,0.22674561,1
0.66021729,0.21453857,-0.67474365,0.25054932,1
0.64160156,0.25091553,-0.67761230,0.25726318,1
0.62640381,0.29034424,-0.67608643,0.25732422,1
0.60217285,0.35058594,-0.66955566,0.25732422,1
0.58032227,0.40203857,-0.65930176,0.25860596,1
0.56921387,0.43408203,-0.64251709,0.27325439,1
0.56579590,0.44396973,-0.62878418,0.29553223,1
0.56842041,0.43139648,-0.61785889,0.33026123,1
0.57702637,0.39239502,-0.61486816,0.36743164,1
0.56823730,0.37774658,-0.61010742,0.40277100,1
0.55554199,0.36834717,-0.60363770,0.43737793,1
0.54321289,0.37603760,-0.59588623,0.45648193,1
0.53289795,0.39764404,-0.58843994,0.46002197,1
0.52636719,0.43353271,-0.57165527,0.45623779,1
0.51397705,0.48846436,-0.54431152,0.44824219,1
0.50421143,0.53198242,-0.52154541,0.43676758,1
0.50183105,0.56915283,-0.49481201,0.42352295,1
0.50109863,0.58837891,-0.46783447,0.42871094,1
0.49609375,0.58837891,-0.45257568,0.45037842,1
0.49035645,0.57305908,-0.45281982,0.47552490,1
0.47680664,0.54626465,-0.46514893,0.50781250,1
0.45391846,0.52624512,-0.47900391,0.53631592,1
0.43328857,0.52227783,-0.48773193,0.54913330,1
0.41503906,0.53747559,-0.49029541,0.54632568,1
0.41229248,0.57128906,-0.47558594,0.52679443,1
0.41918945,0.61309814,-0.44024658,0.50457764,1
0.42303467,0.64849854,-0.39984131,0.49053955,1
0.43743896,0.67181396,-0.35681152,0.47961426,1
0.44549561,0.67755127,-0.33630371,0.47894287,1
0.43927002,0.67614746,-0.32574463,0.49371338,1
0.42181396,0.66302490,-0.32928467,0.52349854,1
0.40673828,0.64508057,-0.34472656,0.54730225,1
0.38604736,0.62115479,-0.36987305,0.57299805,1
0.35778809,0.61450195,-0.38482666,0.58850098,1
0.33483887,0.61596680,-0.38745117,0.59857178,1
0.32025146,0.63201904,-0.37823486,0.59576416,1
0.31365967,0.66802979,-0.35388184,0.57452393,1
0.31250000,0.70623779,-0.30450439,0.55761719,1
0.30194092,0.74542236,-0.24194336,0.54284668,1
0.29071045,0.76464844,-0.20520020,0.53729248,1
0.27099609,0.77557373,-0.17590332,0.54229736,1
0.24847412,0.76959229,-0.16497803,0.56457520,1
0.22760010,0.75671387,-0.17016602,0.58868408,1
0.19689941,0.73736572,-0.18505859,0.61907959,1
0.15808105,0.72473145,-0.19305420,0.64227295,1
0.12457275,0.72442627,-0.19293213,0.64996338,1
0.08184814,0.74499512,-0.16516113,0.64111328,1
0.06292725,0.76947021,-0.12158203,0.62377930,1
0.06097412,0.79351807,-0.05932617,0.60253906,1
0.05645752,0.80895996,0.00805664,0.58508301,1
0.03979492,0.81262207,0.05792236,0.57849121,1
0.01715088,0.80694580,0.07580566,0.58551025,1
-0.01831055,0.79125977,0.07360840,0.60675049,1
-0.05212402,0.77197266,0.05090332,0.63146973,1
-0.08227539,0.75323486,0.01928711,0.65228271,1
-0.10925293,0.74017334,0.00061035,0.66351318,1
-0.13818359,0.73034668,-0.00970459,0.66888428,1
-0.15612793,0.72894287,0.00488281,0.66656494,1
-0.15905762,0.73449707,0.03442383,0.65881348,1
-0.14886475,0.74780273,0.08367920,0.64160156,1
-0.13311768,0.75872803,0.12292480,0.62573242,1
-0.12896729,0.76922607,0.15441895,0.60650635,1
-0.12561035,0.78405762,0.18780518,0.57812500,1
-0.13360596,0.78167725,0.20642090,0.57318115,1
-0.14648438,0.77008057,0.20452881,0.58624268,1
-0.17022705,0.74682617,0.17968750,0.61724854,1
-0.19946289,0.72894287,0.14941406,0.63757324,1
-0.22235107,0.72033691,0.12268066,0.64544678,1
-0.25073242,0.71514893,0.10882568,0.64331055,1
-0.25738525,0.71606445,0.12854004,0.63598633,1
-0.24102783,0.71209717,0.18218994,0.63372803,1
-0.22271729,0.69885254,0.23388672,0.63818359,1
-0.19921875,0.67791748,0.29193115,0.64459229,1
-0.19128418,0.65734863,0.31323242,0.65814209,1
-0.20288086,0.65051270,0.32031250,0.65808105,1
-0.22534180,0.65380859,0.31176758,0.65161133,1
-0.25244141,0.66516113,0.28100586,0.64410400,1
-0.28094482,0.67437744,0.26348877,0.63000488,1
-0.31018066,0.68951416,0.23797607,0.60968018,1
-0.33929443,0.69995117,0.22839355,0.58544922,1
-0.35485840,0.70495605,0.23522949,0.56726074,1
-0.36273193,0.70684814,0.26116943,0.54827881,1
